0,1,0,11,305,18,0
1,43,1674238371,32,30,90,520
1,44,1674238372,32,30,90,595
1,45,1674238374,32,30,90,515
1,46,1674238375,32,30,90,398
1,47,1674238376,32,30,90,540
1,48,1674238377,32,30,90,525
1,49,1674238378,32,30,90,753
1,50,1674238379,0,16,90,748
1,51,1674238380,48,38,90,770
1,52,1674238381,48,38,90,763
1,53,1674238382,48,38,90,969
1,54,1674238383,32,30,90,867
1,55,1674238384,48,38,90,1118
1,56,1674238385,48,38,90,1125
1,57,1674238386,32,30,90,1124
1,58,1674238387,48,38,90,1122
1,59,1674238388,32,30,90,1119
1,60,1674238389,48,38,90,1126
1,61,1674238390,32,30,90,1124
1,62,1674238391,48,38,90,1124
1,63,1674238392,48,38,90,1127
1,64,1674238393,32,30,90,1124
1,65,1674238394,48,38,90,1124
1,66,1674238395,32,30,90,1125
1,67,1674238396,48,38,90,1121
1,68,1674238397,32,30,90,1125
1,69,1674238398,32,30,90,1121
1,70,1674238399,32,30,90,1121
1,71,1674238400,32,30,90,1122
1,72,1674238401,32,30,90,1118
1,73,1674238402,48,38,90,1124
1,74,1674238403,48,38,90,964
1,75,1674238404,48,38,90,964
1,76,1674238405,48,38,90,960
1,77,1674238406,48,38,90,1123
1,78,1674238407,32,30,90,1124
1,79,1674238408,48,38,90,1120
1,80,1674238409,48,38,90,1121
1,81,1674238410,48,38,90,1125
1,82,1674238411,48,38,90,1120
1,83,1674238412,48,38,90,1122
1,84,1674238413,48,38,90,1120
1,85,1674238414,48,38,90,1120
1,86,1674238415,32,30,90,1123
1,87,1674238416,32,30,90,1122
1,88,1674238417,48,38,90,1124
1,89,1674238418,48,38,90,1122
1,90,1674238419,32,30,90,1123
1,91,1674238420,48,38,90,1120
1,92,1674238421,48,38,90,1118
1,93,1674238422,48,38,90,1118
1,94,1674238423,32,30,90,1124
1,95,1674238424,48,38,90,1121
1,96,1674238425,48,38,90,1123
1,97,1674238426,32,30,90,1126
1,98,1674238427,32,30,90,1124
1,99,1674238428,32,30,90,1121
1,100,1674238429,32,30,90,1124
1,101,1674238430,32,30,90,1124
1,102,1674238431,32,30,90,1120
1,103,1674238432,32,30,90,1128
1,104,1674238433,32,30,90,1125
1,105,1674238434,32,30,90,1127
1,106,1674238435,32,30,90,1118
1,107,1674238436,32,30,90,1119
1,108,1674238437,32,30,90,1122
1,109,1674238438,32,30,90,1122
1,110,1674238439,32,30,90,1122
1,111,1674238440,48,38,90,1117
1,112,1674238441,48,38,90,1126
1,113,1674238442,32,30,90,1122
1,114,1674238443,48,38,90,1122
1,115,1674238444,48,38,90,1122
1,116,1674238445,48,38,90,1120
1,117,1674238446,48,38,90,1120
1,118,1674238447,32,30,90,1119
1,119,1674238448,48,38,90,1123
1,120,1674238449,48,38,90,1122
1,121,1674238450,48,38,90,1124
1,122,1674238451,48,38,90,1124
1,123,1674238452,48,38,90,1125
1,124,1674238453,48,38,90,1119
1,125,1674238454,32,30,90,1118
1,126,1674238455,48,38,90,1124
1,127,1674238456,48,38,90,1120
1,128,1674238457,48,38,90,1126
1,129,1674238458,48,38,90,1124
1,130,1674238459,48,38,90,1124
1,131,1674238460,48,38,90,1123
1,132,1674238461,48,38,90,1120
1,133,1674238462,48,38,90,1124
1,134,1674238463,48,38,90,1119
1,135,1674238464,32,30,90,1118
1,136,1674238465,32,30,90,1123
1,137,1674238466,32,30,90,1119
1,139,1674238467,32,30,90,1123
1,140,1674238468,32,30,90,1123
1,141,1674238469,48,38,90,1123
1,142,1674238470,48,38,90,1119
1,143,1674238471,48,38,90,1122
1,144,1674238472,48,38,90,1120
1,145,1674238473,48,38,90,1123
1,146,1674238474,48,38,90,1124
1,147,1674238475,48,38,90,1123
1,148,1674238476,48,38,90,1123
1,149,1674238477,48,38,90,1126
1,150,1674238478,48,38,90,1120
1,151,1674238479,48,38,90,1123
1,152,1674238480,32,30,90,1118
1,153,1674238481,48,38,90,1121
1,154,1674238482,32,30,90,1119
1,155,1674238483,48,38,90,1122
1,156,1674238484,48,38,90,1123
1,157,1674238485,48,38,90,1123
1,158,1674238486,48,38,90,1123
1,159,1674238487,48,38,90,1120
1,160,1674238488,48,38,90,1121
1,161,1674238489,48,38,90,1122
1,162,1674238490,32,30,90,1121
1,163,1674238491,48,38,90,1122
1,164,1674238492,48,38,90,1124
1,165,1674238493,48,38,90,1120
1,166,1674238494,48,38,90,1127
1,167,1674238495,48,38,90,1127
1,168,1674238496,48,38,90,1120
1,169,1674238497,48,38,90,1124
1,170,1674238499,48,38,90,1120
1,171,1674238500,48,38,90,1121
1,172,1674238501,32,30,90,1120
1,173,1674238502,48,38,90,1123
1,174,1674238503,48,38,90,1126
1,175,1674238504,48,38,90,1124
1,176,1674238505,48,38,90,1119
1,177,1674238506,32,30,90,1127
1,178,1674238507,48,38,90,1121
1,179,1674238508,48,38,90,1126
1,180,1674238509,48,38,90,1122
1,181,1674238510,48,38,90,1126
1,182,1674238511,48,38,90,1126
1,183,1674238512,48,38,90,1123
1,184,1674238513,48,38,90,1122
1,185,1674238514,48,38,90,1125
1,186,1674238515,32,30,90,1119
1,187,1674238516,48,38,90,1124
1,188,1674238517,48,38,90,1123
1,189,1674238518,48,38,90,1123
1,190,1674238519,48,38,90,1125
1,191,1674238520,48,38,90,1126
1,192,1674238521,48,38,90,1122
1,193,1674238522,48,38,90,1121
1,194,1674238523,48,38,90,1120
1,195,1674238524,48,38,90,1122
1,196,1674238525,48,38,90,1124
1,197,1674238526,48,38,90,1124
1,198,1674238527,48,38,90,1127
1,199,1674238528,48,38,90,1122
1,200,1674238529,48,38,90,1124
1,201,1674238530,48,38,90,1122
1,202,1674238531,48,38,90,1123
1,203,1674238532,48,38,90,1127
1,204,1674238533,48,38,90,1119
1,205,1674238534,48,38,90,1123
1,206,1674238535,48,38,90,1123
1,207,1674238536,48,38,90,1118
1,208,1674238537,48,38,90,1126
1,209,1674238538,48,38,90,1123
1,210,1674238539,48,38,90,1123
1,211,1674238540,48,38,90,1127
1,212,1674238541,48,38,90,1121
1,213,1674238542,48,38,90,1121
1,214,1674238543,48,38,90,1126
1,215,1674238544,48,38,90,1117
1,216,1674238545,48,38,90,1124
1,217,1674238546,48,38,90,1120
1,218,1674238547,48,38,90,1118
1,219,1674238548,48,38,90,1119
1,220,1674238549,48,38,90,1119
1,221,1674238550,48,38,90,1122
1,222,1674238551,48,38,90,1123
1,223,1674238552,48,38,90,1122
1,224,1674238553,48,38,90,1121
1,225,1674238554,48,38,90,1120
1,226,1674238555,48,38,90,1119
1,227,1674238556,48,38,90,1118
1,228,1674238557,48,38,90,1121
1,229,1674238558,48,38,90,1119
1,230,1674238559,48,38,90,1122
1,231,1674238560,48,38,90,1121
1,232,1674238561,48,38,90,1123
1,233,1674238562,48,38,90,1122
1,234,1674238563,48,38,90,1124
1,235,1674238564,48,38,90,1125
1,236,1674238565,48,38,90,1124
1,237,1674238566,48,38,90,1120
1,238,1674238567,48,38,90,1119
1,239,1674238568,48,38,90,1122
1,240,1674238569,48,38,90,1120
1,241,1674238570,48,38,90,1120
1,242,1674238571,48,38,90,1122
1,243,1674238572,48,38,90,1119
1,244,1674238573,48,38,90,1118
1,245,1674238574,48,38,90,1122
1,246,1674238575,48,38,90,1125
1,247,1674238576,48,38,90,1119
1,248,1674238577,48,38,90,1121
1,249,1674238578,48,38,90,1122
1,250,1674238579,48,38,90,1119
1,251,1674238580,48,38,90,1120
1,252,1674238581,48,38,90,1120
1,253,1674238582,48,38,90,1124
1,254,1674238583,48,38,90,1120
1,255,1674238584,48,38,90,1119
1,256,1674238585,48,38,90,1120
1,257,1674238586,48,38,90,1122
1,259,1674238587,48,38,90,1120
1,260,1674238588,48,38,90,1120
1,261,1674238589,48,38,90,1124
1,262,1674238590,48,38,90,1121
1,263,1674238591,48,38,90,1119
1,264,1674238592,48,38,90,1124
1,265,1674238593,48,38,90,1120
1,266,1674238594,48,38,90,1118
1,267,1674238595,48,38,90,1123
1,268,1674238596,48,38,90,1123
1,269,1674238597,48,38,90,1120
1,270,1674238598,48,38,90,1121
1,271,1674238599,48,38,90,1120
1,272,1674238600,48,38,90,1121
1,273,1674238601,48,38,90,1124
1,274,1674238602,48,38,90,1122
1,275,1674238603,48,38,90,1122
1,276,1674238604,48,38,90,1129
1,277,1674238605,48,38,90,1120
1,278,1674238606,48,38,90,1119
1,279,1674238607,48,38,90,1125
1,280,1674238608,48,38,90,1127
1,281,1674238609,48,38,90,1123
1,282,1674238610,48,38,90,1121
1,283,1674238611,48,38,90,1122
1,284,1674238612,48,38,90,1119
1,285,1674238613,48,38,90,1123
1,286,1674238614,48,38,90,1128
1,287,1674238615,48,38,90,1122
1,288,1674238616,48,38,90,1125
1,289,1674238617,48,38,90,1122
1,290,1674238618,48,38,90,1118
1,291,1674238619,48,38,90,1119
1,292,1674238620,48,38,90,1119
1,293,1674238621,48,38,90,1118
1,294,1674238622,48,38,90,1127
1,295,1674238623,48,38,90,1123
1,296,1674238624,48,38,90,1126
1,297,1674238625,48,38,90,1120
1,298,1674238626,48,38,90,1124
1,299,1674238627,48,38,90,1123
1,300,1674238628,48,38,90,1122
1,301,1674238629,48,38,90,1120
1,302,1674238630,48,38,90,1123
1,303,1674238631,48,38,90,1122
1,304,1674238632,48,38,90,1120
1,305,1674238633,48,38,90,1122
1,306,1674238635,48,38,90,1119
1,307,1674238636,48,38,90,1118
1,308,1674238637,48,38,90,1125
1,309,1674238638,48,38,90,1124
1,310,1674238639,48,38,90,1120
1,311,1674238640,48,38,90,1120
1,312,1674238641,48,38,90,1126
1,313,1674238642,48,38,90,1125
1,314,1674238643,48,38,90,1120
1,315,1674238644,48,38,90,1119
1,316,1674238645,48,38,90,1122
1,317,1674238646,48,38,90,1125
1,318,1674238647,48,38,90,1126
1,319,1674238648,48,38,90,1126
1,320,1674238649,48,38,90,1121
1,321,1674238650,48,38,90,1121
1,322,1674238651,48,38,90,1121
1,323,1674238652,48,38,90,1123
1,324,1674238653,48,38,90,1117
1,325,1674238654,48,38,90,1123
1,326,1674238655,48,38,90,1124
1,327,1674238656,48,38,90,1123
1,328,1674238657,48,38,90,1121
1,329,1674238658,48,38,90,1123
1,330,1674238659,48,38,90,1119
1,331,1674238660,48,38,90,1122
1,332,1674238661,48,38,90,1119
1,333,1674238662,48,38,90,1122
1,334,1674238663,48,38,90,1121
1,335,1674238664,48,38,90,1118
1,336,1674238665,48,38,90,1124
1,337,1674238666,48,38,90,1122
1,338,1674238667,48,38,90,1124
1,339,1674238668,48,38,90,1125
1,340,1674238669,48,38,90,1123
1,341,1674238670,48,38,90,1121
1,342,1674238671,48,38,90,1122
1,343,1674238672,48,38,90,1124
1,344,1674238673,48,38,90,1125
1,345,1674238674,48,38,90,1124
1,346,1674238675,48,38,90,1122
1,347,1674238676,48,38,90,1121
1,348,1674238677,48,38,90,1123
1,349,1674238678,48,38,90,1121
1,350,1674238679,48,38,90,1126
1,351,1674238680,48,38,90,1123
1,352,1674238681,48,38,90,1123
1,353,1674238682,48,38,90,1124
1,354,1674238683,48,38,90,1122
1,355,1674238684,48,38,90,1128
1,356,1674238685,48,38,90,1123
1,357,1674238686,48,38,90,1125
1,358,1674238687,48,38,90,1123
1,359,1674238688,48,38,90,1129
1,360,1674238689,48,38,90,1124
1,361,1674238690,48,38,90,1121
1,362,1674238691,48,38,90,1121
1,363,1674238692,48,38,90,1121
1,364,1674238693,48,38,90,1123
1,365,1674238694,48,38,90,1119
1,366,1674238695,48,38,90,1122
1,367,1674238696,48,38,90,1122
1,368,1674238697,48,38,90,1123
1,369,1674238698,48,38,90,1119
1,370,1674238699,48,38,90,1128
1,371,1674238700,48,38,90,1118
1,372,1674238701,48,38,90,1126
1,373,1674238702,48,38,90,1119
1,374,1674238703,48,38,90,1121
1,375,1674238704,48,38,90,1119
1,376,1674238705,48,38,90,1118
1,377,1674238706,48,38,90,1123
1,378,1674238707,48,38,90,1122
1,379,1674238708,48,38,90,1122
1,380,1674238709,48,38,90,1121
1,381,1674238710,48,38,90,1119
1,382,1674238711,48,38,90,1123
1,383,1674238712,48,38,90,1120
1,384,1674238713,48,38,90,1118
1,385,1674238714,48,38,90,1119
1,386,1674238715,48,38,90,1123
1,387,1674238716,48,38,90,1127
1,388,1674238717,48,38,90,1118
1,389,1674238718,48,38,90,1121
1,390,1674238719,48,38,90,1122
1,391,1674238720,48,38,90,1121
1,392,1674238721,48,38,90,1120
1,393,1674238722,48,38,90,1128
1,394,1674238723,48,38,90,1124
1,395,1674238724,48,38,90,1121
1,396,1674238725,48,38,90,1120
1,397,1674238726,48,38,90,1123
1,398,1674238727,48,38,90,1120
1,400,1674238728,48,38,90,1125
1,401,1674238729,48,38,90,1121
1,402,1674238730,48,38,90,1123
1,403,1674238731,48,38,90,1125
1,404,1674238732,48,38,90,1119
1,405,1674238733,48,38,90,1126
1,406,1674238734,48,38,90,1124
1,407,1674238735,48,38,90,1122
1,408,1674238736,48,38,90,1122
1,409,1674238737,48,38,90,1126
1,410,1674238738,48,38,90,1118
1,411,1674238739,48,38,90,1125
1,412,1674238740,48,38,90,1120
1,413,1674238741,48,38,90,1122
1,414,1674238742,48,38,90,1122
1,415,1674238743,48,38,90,1118
1,416,1674238744,48,38,90,1123
1,417,1674238745,48,38,90,1122
1,418,1674238746,48,38,90,1122
1,419,1674238747,48,38,90,1120
1,420,1674238748,48,38,90,1123
1,421,1674238749,48,38,90,1123
1,422,1674238750,48,38,90,1122
1,423,1674238751,48,38,90,1121
1,424,1674238752,48,38,90,1123
1,425,1674238753,48,38,90,1121
1,426,1674238754,48,38,90,1120
1,427,1674238755,48,38,90,1121
1,428,1674238756,48,38,90,1121
1,429,1674238757,48,38,90,1123
1,430,1674238758,48,38,90,1119
1,431,1674238759,48,38,90,1121
1,432,1674238760,48,38,90,1122
1,433,1674238761,48,38,90,1121
1,434,1674238762,48,38,90,1120
1,435,1674238763,48,38,90,1119
1,436,1674238765,48,38,90,1118
1,437,1674238766,48,38,90,1124
1,438,1674238767,48,38,90,1117
1,439,1674238768,48,38,90,1118
1,440,1674238769,48,38,90,1119
1,441,1674238770,48,38,90,1059
1,442,1674238771,48,38,90,1081
1,443,1674238772,48,38,90,882
1,444,1674238773,48,38,80,1066
1,445,1674238774,112,67,80,1117
1,446,1674238775,112,67,80,1121
1,447,1674238776,112,67,80,1119
1,448,1674238777,112,67,80,1122
1,449,1674238778,96,60,80,1122
1,450,1674238779,96,60,80,1124
1,451,1674238780,96,60,80,1122
1,452,1674238781,96,60,80,1125
1,453,1674238782,96,60,80,1125
1,454,1674238783,96,60,80,1120
1,455,1674238784,96,60,80,1119
1,456,1674238785,96,60,80,1122
1,457,1674238786,96,60,80,1124
1,458,1674238787,96,60,80,1124
1,459,1674238788,96,60,80,1119
1,460,1674238789,96,60,80,1126
1,461,1674238790,96,60,80,1119
1,462,1674238791,96,60,80,1119
1,463,1674238792,80,53,80,1120
1,464,1674238793,96,60,80,1120
1,465,1674238794,96,60,80,1121
1,466,1674238795,96,60,80,1125
1,467,1674238796,96,60,80,1120
1,468,1674238797,96,60,80,1122
1,469,1674238798,112,67,80,1118
1,470,1674238799,80,53,80,1122
1,471,1674238800,80,53,80,1125
1,472,1674238801,80,53,80,1123
1,473,1674238802,80,53,80,1125
1,474,1674238803,80,53,80,1120
1,475,1674238804,80,53,80,1122
1,476,1674238805,80,53,80,1118
1,477,1674238806,80,53,80,1124
1,478,1674238807,80,53,80,1122
1,479,1674238808,80,53,80,1120
1,480,1674238809,80,53,80,1124
1,481,1674238810,80,53,80,1121
1,482,1674238811,80,53,80,1123
1,483,1674238812,80,53,80,1123
1,484,1674238813,80,53,80,1124
1,485,1674238814,80,53,80,1126
1,486,1674238815,80,53,80,1124
1,487,1674238816,80,53,80,1121
1,488,1674238817,80,53,80,1119
1,489,1674238818,80,53,80,1124
1,490,1674238819,80,53,80,1123
1,491,1674238820,80,53,80,1122
1,492,1674238821,80,53,80,1124
1,493,1674238822,80,53,80,1122
1,494,1674238823,80,53,80,1126
1,495,1674238824,80,53,80,1121
1,496,1674238825,80,53,80,1117
1,497,1674238826,80,53,80,1125
1,498,1674238827,80,53,80,1120
1,499,1674238828,80,53,80,1126
1,500,1674238829,80,53,80,1128
1,501,1674238830,80,53,80,1123
1,502,1674238831,80,53,80,1123
1,503,1674238832,80,53,80,1121
1,504,1674238833,80,53,80,1124
1,505,1674238834,80,53,80,1120
1,506,1674238835,80,53,80,1119
1,507,1674238836,80,53,80,1128
1,508,1674238837,80,53,80,1122
1,509,1674238838,80,53,80,1121
1,510,1674238839,80,53,80,1125
1,511,1674238840,80,53,80,1120
1,513,1674238841,80,53,80,1119
1,514,1674238842,80,53,80,1121
1,515,1674238843,80,53,80,1119
1,516,1674238844,80,53,80,1124
1,517,1674238845,80,53,80,1123
1,518,1674238846,80,53,80,1122
1,519,1674238847,80,53,80,1121
1,520,1674238848,80,53,80,1121
1,521,1674238849,80,53,80,1120
1,522,1674238850,80,53,80,1121
1,523,1674238851,80,53,80,1122
1,524,1674238852,80,53,80,1125
1,525,1674238853,80,53,80,1125
1,526,1674238854,80,53,80,1121
1,527,1674238855,80,53,80,1122
1,528,1674238856,80,53,80,1124
1,529,1674238857,80,53,80,1124
1,530,1674238858,80,53,80,1120
1,531,1674238859,80,53,80,1120
1,532,1674238860,80,53,80,1119
1,533,1674238861,80,53,80,1125
1,534,1674238862,80,53,80,1121
1,535,1674238863,80,53,80,1125
1,536,1674238864,80,53,80,1124
1,537,1674238865,80,53,80,1124
1,538,1674238866,80,53,80,1124
1,539,1674238867,80,53,80,1121
1,540,1674238868,80,53,80,1123
1,541,1674238869,80,53,80,1120
1,542,1674238870,80,53,80,1121
1,543,1674238871,80,53,80,1124
1,544,1674238872,80,53,80,1120
1,545,1674238873,80,53,80,1121
1,546,1674238874,80,53,80,1118
1,547,1674238875,80,53,80,1123
1,548,1674238876,80,53,80,1126
1,549,1674238877,80,53,80,1118
1,550,1674238878,80,53,80,1119
1,551,1674238879,80,53,80,1119
1,552,1674238880,112,67,80,1122
1,553,1674238881,112,67,80,1118
1,554,1674238882,112,67,80,1122
1,555,1674238883,112,67,80,1120
1,556,1674238884,112,67,80,1123
1,557,1674238885,112,67,80,1127
1,558,1674238886,112,67,80,1121
1,559,1674238887,112,67,80,1122
1,560,1674238888,112,67,80,1124
1,561,1674238889,112,67,80,1121
1,562,1674238890,112,67,80,1120
1,563,1674238891,112,67,80,1118
1,564,1674238892,112,67,80,1127
1,565,1674238893,112,67,80,1126
1,566,1674238894,112,67,80,1123
1,567,1674238895,112,67,80,1123
1,568,1674238896,112,67,80,1119
1,569,1674238898,112,67,80,1124
1,570,1674238899,112,67,80,1120
1,571,1674238900,112,67,80,1121
1,572,1674238901,112,67,80,1122
1,573,1674238902,112,67,80,1126
1,574,1674238903,112,67,80,1124
1,575,1674238904,112,67,80,1119
1,576,1674238905,112,67,80,1120
1,577,1674238906,112,67,80,1119
1,578,1674238907,112,67,80,1124
1,579,1674238908,112,67,80,1127
1,580,1674238909,112,67,80,1123
1,581,1674238910,112,67,80,1121
1,582,1674238911,112,67,80,1121
1,583,1674238912,112,67,80,1118
1,584,1674238913,112,67,80,1124
1,585,1674238914,112,67,80,1121
1,586,1674238915,112,67,80,1122
1,587,1674238916,112,67,80,1123
1,588,1674238917,112,67,80,1118
1,589,1674238918,112,67,80,1125
1,590,1674238919,112,67,80,1122
1,591,1674238920,96,60,80,1123
1,592,1674238921,96,60,80,1124
1,593,1674238922,96,60,80,1119
1,594,1674238923,80,53,80,1121
1,595,1674238924,96,60,80,1123
1,596,1674238925,96,60,80,1124
1,597,1674238926,96,60,80,1119
1,598,1674238927,80,53,80,1122
1,599,1674238928,96,60,80,1122
1,600,1674238929,80,53,80,1121
1,601,1674238930,80,53,80,1123
1,602,1674238931,80,53,80,1126
1,603,1674238932,80,53,80,1121
1,604,1674238933,96,60,80,1119
1,605,1674238934,80,53,80,1123
1,606,1674238935,96,60,80,1125
1,607,1674238936,96,60,80,1123
1,608,1674238937,96,60,80,1122
1,609,1674238938,96,60,80,1120
1,610,1674238939,96,60,80,1121
1,611,1674238940,112,67,80,1123
1,612,1674238941,112,67,80,1122
1,613,1674238942,112,67,80,1122
1,614,1674238943,112,67,80,1123
1,615,1674238944,112,67,80,1123
1,616,1674238945,112,67,80,1120
1,617,1674238946,112,67,80,1120
1,618,1674238947,112,67,80,1124
1,619,1674238948,96,60,80,1123
1,620,1674238949,112,67,80,1124
1,621,1674238950,112,67,80,1121
1,622,1674238951,112,67,80,1117
1,623,1674238952,112,67,80,1127
1,624,1674238953,112,67,80,1123
1,625,1674238954,112,67,80,1121
1,626,1674238955,112,67,80,1124
1,627,1674238956,112,67,80,1120
1,628,1674238957,96,60,80,1123
1,629,1674238958,96,60,80,1122
1,630,1674238959,112,67,80,1122
1,631,1674238960,112,67,80,1123
1,632,1674238961,96,60,80,1122
1,633,1674238962,96,60,80,1120
1,634,1674238963,112,67,80,1121
1,635,1674238964,112,67,80,1127
1,636,1674238965,112,67,80,1121
1,637,1674238966,112,67,80,1118
1,638,1674238967,112,67,80,1120
1,639,1674238968,112,67,80,1124
1,640,1674238969,80,53,80,1123
1,641,1674238970,112,67,80,1120
1,642,1674238971,112,67,80,1118
1,643,1674238972,112,67,80,1127
1,644,1674238973,112,67,80,1122
1,645,1674238974,112,67,80,1120
1,646,1674238975,112,67,80,1120
1,647,1674238976,112,67,80,1125
1,648,1674238977,96,60,80,1123
1,649,1674238978,96,60,80,1121
1,650,1674238979,128,75,80,1123
1,651,1674238980,80,53,80,1123
1,652,1674238981,80,53,80,1124
1,653,1674238982,80,53,80,1121
1,654,1674238983,112,67,80,1118
1,655,1674238984,96,60,80,1121
1,656,1674238985,96,60,80,1123
1,657,1674238986,112,67,80,1126
1,658,1674238987,96,60,80,1128
1,659,1674238988,96,60,80,1121
1,660,1674238989,96,60,80,1119
1,661,1674238990,96,60,80,1124
1,662,1674238991,96,60,80,1123
1,663,1674238992,96,60,80,1122
1,664,1674238993,96,60,80,1124
1,665,1674238994,96,60,80,1120
1,666,1674238995,96,60,80,1120
1,667,1674238996,80,53,80,1127
1,668,1674238997,80,53,80,1123
1,669,1674238998,96,60,80,1120
1,670,1674238999,96,60,80,1124
1,671,1674239000,112,67,80,1120
1,672,1674239001,112,67,80,1122
1,673,1674239002,112,67,80,1119
1,674,1674239003,96,60,80,1120
1,675,1674239004,96,60,80,1129
1,676,1674239005,96,60,80,1126
1,677,1674239006,96,60,80,1122
1,678,1674239007,96,60,80,1118
1,679,1674239008,96,60,80,1125
1,680,1674239009,96,60,80,1125
1,681,1674239010,96,60,80,1119
1,682,1674239011,96,60,80,1120
1,683,1674239012,96,60,80,1125
1,684,1674239013,96,60,80,1120
1,685,1674239014,96,60,80,1122
1,686,1674239015,96,60,80,1126
1,687,1674239016,96,60,80,1121
1,688,1674239017,96,60,80,1118
1,689,1674239018,96,60,80,1127
1,690,1674239019,96,60,80,1124
1,691,1674239020,96,60,80,1119
1,692,1674239021,96,60,80,1126
1,693,1674239022,80,53,80,1119
1,694,1674239023,80,53,80,1120
1,695,1674239024,80,53,80,1127
1,697,1674239025,80,53,80,1121
1,698,1674239026,80,53,80,1123
1,699,1674239027,96,60,80,1117
1,700,1674239028,96,60,80,1124
1,701,1674239029,96,60,80,1123
1,702,1674239030,112,67,80,1120
1,703,1674239031,96,60,80,1121
1,704,1674239032,96,60,80,1120
1,705,1674239033,96,60,80,1120
1,706,1674239034,96,60,80,1121
1,707,1674239035,96,60,80,1125
1,708,1674239036,96,60,80,1121
1,709,1674239037,96,60,80,1118
1,710,1674239038,96,60,80,1124
1,711,1674239039,80,53,80,1122
1,712,1674239040,96,60,80,1121
1,713,1674239041,80,53,80,1123
1,714,1674239042,80,53,80,1124
1,715,1674239043,80,53,80,1126
1,716,1674239044,80,53,80,1120
1,717,1674239045,96,60,80,1121
1,718,1674239046,96,60,80,1121
1,719,1674239047,112,67,80,1127
1,720,1674239048,112,67,80,1122
1,721,1674239049,112,67,80,1118
1,722,1674239050,96,60,80,1119
1,723,1674239051,96,60,80,1125
1,724,1674239052,112,67,80,1122
1,725,1674239053,96,60,80,1126
1,726,1674239054,96,60,80,1121
1,727,1674239055,96,60,80,1122
1,728,1674239056,96,60,80,1121
1,729,1674239057,96,60,80,1121
1,730,1674239058,96,60,80,1121
1,731,1674239059,96,60,80,1125
1,732,1674239060,96,60,80,1124
1,733,1674239061,96,60,80,1120
1,734,1674239062,96,60,80,1123
1,735,1674239063,96,60,80,1124
1,736,1674239064,112,67,80,1120
1,737,1674239065,96,60,80,1122
1,738,1674239066,96,60,80,1127
1,739,1674239067,96,60,80,1122
1,740,1674239068,96,60,80,1121
1,741,1674239069,96,60,80,1121
1,742,1674239070,96,60,80,1122
1,743,1674239071,96,60,80,1125
1,744,1674239072,96,60,80,1123
1,745,1674239073,96,60,80,1120
1,746,1674239074,96,60,80,1121
1,747,1674239075,96,60,80,1123
1,748,1674239076,96,60,80,1121
1,749,1674239078,96,60,80,1126
1,750,1674239079,96,60,80,1120
1,751,1674239080,96,60,80,1117
1,752,1674239081,96,60,80,1124
1,753,1674239082,96,60,80,1122
1,754,1674239083,96,60,80,1123
1,755,1674239084,96,60,80,1123
1,756,1674239085,96,60,80,1119
1,757,1674239086,96,60,80,1125
1,758,1674239087,96,60,80,1123
1,759,1674239088,96,60,80,1123
1,760,1674239089,96,60,80,1126
1,761,1674239090,96,60,80,1120
1,762,1674239091,96,60,80,1119
1,763,1674239092,96,60,80,1123
1,764,1674239093,96,60,80,1124
1,765,1674239094,96,60,80,1127
1,766,1674239095,96,60,80,1122
1,767,1674239096,96,60,80,1123
1,768,1674239097,96,60,80,1124
1,769,1674239098,96,60,80,1122
1,770,1674239099,96,60,80,1120
1,771,1674239100,96,60,80,1121
1,772,1674239101,96,60,80,1122
1,773,1674239102,96,60,80,1125
1,774,1674239103,96,60,80,1124
1,775,1674239104,96,60,80,1119
1,776,1674239105,96,60,80,1124
1,777,1674239106,96,60,80,1120
1,778,1674239107,96,60,80,1120
1,779,1674239108,96,60,80,1124
1,780,1674239109,96,60,80,1122
1,781,1674239110,96,60,80,1126
1,782,1674239111,96,60,80,1120
1,783,1674239112,96,60,80,1118
1,784,1674239113,96,60,80,1124
1,785,1674239114,96,60,80,1123
1,786,1674239115,96,60,80,1122
1,787,1674239116,96,60,80,1123
1,788,1674239117,96,60,80,1124
1,789,1674239118,96,60,80,1122
1,790,1674239119,96,60,80,1124
1,791,1674239120,96,60,80,1120
1,792,1674239121,96,60,80,1119
1,793,1674239122,96,60,80,1124
1,794,1674239123,96,60,80,1123
1,795,1674239124,96,60,80,1126
1,796,1674239125,96,60,80,1123
1,797,1674239126,96,60,80,1119
1,798,1674239127,96,60,80,1124
1,799,1674239128,96,60,80,1120
1,800,1674239129,96,60,80,1121
1,801,1674239130,96,60,80,1126
1,802,1674239131,96,60,80,1121
1,803,1674239132,96,60,80,1123
1,804,1674239133,96,60,80,1121
1,805,1674239134,96,60,80,1120
1,806,1674239135,96,60,80,1119
1,807,1674239136,96,60,80,1124
1,808,1674239137,96,60,80,1122
1,809,1674239138,96,60,80,1122
1,810,1674239139,96,60,80,1126
1,811,1674239140,96,60,80,1121
1,812,1674239141,96,60,80,1121
1,813,1674239142,96,60,80,1120
1,814,1674239143,96,60,80,1119
1,815,1674239144,96,60,80,1125
1,816,1674239145,96,60,80,1123
1,817,1674239146,96,60,80,1122
1,818,1674239147,96,60,80,1124
1,819,1674239148,96,60,80,1119
1,820,1674239149,96,60,80,1122
1,821,1674239150,96,60,80,1121
1,822,1674239151,96,60,80,1119
1,823,1674239152,96,60,80,1127
1,824,1674239153,96,60,80,1121
1,825,1674239154,96,60,80,1123
1,826,1674239155,96,60,80,1121
1,827,1674239156,96,60,80,1117
1,828,1674239157,96,60,80,1126
1,829,1674239158,96,60,80,1124
1,830,1674239159,96,60,80,1121
1,831,1674239160,96,60,80,1124
1,832,1674239161,96,60,80,1124
1,833,1674239162,96,60,80,1122
1,834,1674239163,96,60,80,1124
1,835,1674239164,96,60,80,1120
1,836,1674239165,96,60,80,1119
1,837,1674239166,96,60,80,1123
1,838,1674239167,96,60,80,1124
1,839,1674239168,96,60,80,1126
1,840,1674239169,96,60,80,1123
1,841,1674239170,96,60,80,1120
1,842,1674239171,96,60,80,1120
1,843,1674239172,96,60,80,1120
1,844,1674239173,96,60,80,1124
1,845,1674239174,96,60,80,1124
1,846,1674239175,96,60,80,1121
1,847,1674239176,96,60,80,1123
1,848,1674239177,96,60,80,1121
1,849,1674239178,96,60,80,1123
1,850,1674239179,96,60,80,1120
1,851,1674239180,96,60,80,1119
1,852,1674239181,96,60,80,1125
1,853,1674239182,96,60,80,1123
1,854,1674239183,80,53,80,1123
1,856,1674239184,96,60,80,1123
1,857,1674239185,96,60,80,1122
1,858,1674239186,96,60,80,1121
1,859,1674239187,96,60,80,1124
1,860,1674239188,96,60,80,1118
1,861,1674239189,96,60,80,1122
1,862,1674239190,96,60,80,1122
1,863,1674239191,96,60,80,1123
1,864,1674239192,96,60,80,1122
1,865,1674239193,96,60,80,1127
1,866,1674239194,96,60,80,1123
1,867,1674239195,96,60,80,1122
1,868,1674239196,96,60,80,1121
1,869,1674239197,96,60,80,1118
1,870,1674239198,96,60,80,1124
1,871,1674239199,96,60,80,1121
1,872,1674239200,96,60,80,1124
1,873,1674239201,96,60,80,1125
1,874,1674239202,96,60,80,1121
1,875,1674239203,96,60,80,1126
1,876,1674239204,96,60,80,1120
1,877,1674239205,96,60,80,1121
1,878,1674239206,96,60,80,1122
1,879,1674239207,96,60,80,1120
1,880,1674239208,96,60,80,1128
1,881,1674239209,96,60,80,1127
1,882,1674239210,96,60,80,1122
1,883,1674239211,96,60,80,1124
1,884,1674239212,96,60,80,1121
1,885,1674239213,96,60,80,1119
1,886,1674239214,96,60,80,1123
1,887,1674239215,96,60,80,1120
1,888,1674239216,96,60,80,1123
1,889,1674239217,112,67,80,1122
1,890,1674239218,112,67,80,1121
1,891,1674239219,112,67,80,1118
1,892,1674239220,112,67,80,1126
1,893,1674239221,112,67,80,1126
1,894,1674239222,112,67,80,1121
1,895,1674239223,112,67,80,1123
1,896,1674239224,96,60,80,1123
1,897,1674239225,96,60,80,1125
1,898,1674239226,64,45,80,1124
1,899,1674239227,128,75,80,1119
1,900,1674239228,112,67,80,1119
1,901,1674239229,112,67,80,1122
1,902,1674239230,112,67,80,1121
1,903,1674239232,112,67,80,1121
1,904,1674239233,96,60,80,1117
1,905,1674239234,96,60,80,1126
1,906,1674239235,96,60,80,1122
1,907,1674239236,96,60,80,1127
1,908,1674239237,96,60,80,1123
1,909,1674239238,96,60,80,1118
1,910,1674239239,96,60,80,1122
1,911,1674239240,96,60,80,1119
1,912,1674239241,96,60,80,1126
1,913,1674239242,96,60,80,1123
1,914,1674239243,96,60,80,1122
1,915,1674239244,96,60,80,1122
1,916,1674239245,96,60,80,1118
1,917,1674239246,96,60,80,1122
1,918,1674239247,96,60,80,1119
1,919,1674239248,96,60,80,1123
1,920,1674239249,96,60,80,1121
1,921,1674239250,96,60,70,1121
1,922,1674239251,176,97,70,1121
1,923,1674239252,176,97,70,1120
1,924,1674239253,176,97,70,1119
1,925,1674239254,176,97,70,1125
1,926,1674239255,176,97,70,1122
1,927,1674239256,176,97,70,1120
1,928,1674239257,176,97,70,1124
1,929,1674239258,176,97,70,1121
1,930,1674239259,176,97,70,1123
1,931,1674239260,176,97,70,1120
1,932,1674239261,176,97,70,1124
1,933,1674239262,160,90,70,1120
1,934,1674239263,176,97,70,1120
1,935,1674239264,160,90,70,1127
1,936,1674239265,160,90,70,1122
1,937,1674239266,160,90,70,1121
1,938,1674239267,176,97,70,1122
1,939,1674239268,176,97,70,1121
1,940,1674239269,160,90,70,1123
1,941,1674239270,160,90,70,1121
1,942,1674239271,160,90,70,1125
1,943,1674239272,160,90,70,1119
1,944,1674239273,160,90,70,1119
1,945,1674239274,160,90,70,1124
1,946,1674239275,112,67,70,1122
1,947,1674239276,144,82,70,1123
1,948,1674239277,160,90,70,1119
1,949,1674239278,176,97,70,1122
1,950,1674239279,160,90,70,1122
1,951,1674239280,160,90,70,1121
1,952,1674239281,160,90,70,1128
1,953,1674239282,160,90,70,1121
1,954,1674239283,160,90,70,1118
1,955,1674239284,160,90,70,1122
1,956,1674239285,160,90,70,1120
1,957,1674239286,144,82,70,1125
1,958,1674239287,144,82,70,1123
1,959,1674239288,144,82,70,1125
1,960,1674239289,144,82,70,1120
1,961,1674239290,144,82,70,1118
1,962,1674239291,144,82,70,1126
1,963,1674239292,144,82,70,1121
1,964,1674239293,144,82,70,1121
1,965,1674239294,144,82,70,1124
1,966,1674239295,144,82,70,1119
1,967,1674239296,144,82,70,1122
1,968,1674239297,144,82,70,1126
1,969,1674239298,144,82,70,1122
1,970,1674239299,144,82,70,1118
1,971,1674239300,144,82,70,1123
1,972,1674239301,144,82,70,1123
1,973,1674239302,144,82,70,1120
1,974,1674239303,144,82,70,1122
1,975,1674239304,144,82,70,1125
1,976,1674239305,144,82,70,1119
1,977,1674239306,144,82,70,1119
1,978,1674239307,144,82,70,1126
1,979,1674239308,144,82,70,1123
1,980,1674239309,160,90,70,1118
1,981,1674239310,160,90,70,1124
1,982,1674239311,160,90,70,1120
1,983,1674239312,160,90,70,1120
1,984,1674239313,144,82,70,1127
1,985,1674239314,144,82,70,1119
1,986,1674239315,144,82,70,1118
1,987,1674239316,144,82,70,1126
1,989,1674239317,144,82,70,1122
1,990,1674239318,160,90,70,1121
1,991,1674239319,160,90,70,1122
1,992,1674239320,160,90,70,1121
1,993,1674239321,144,82,70,1121
1,994,1674239322,144,82,70,1126
1,995,1674239323,160,90,70,1122
1,996,1674239324,160,90,70,1118
1,997,1674239325,160,90,70,1120
1,998,1674239326,160,90,70,1121
1,999,1674239327,160,90,70,1121
1,1000,1674239328,160,90,70,1125
1,1001,1674239329,160,90,70,1121
1,1002,1674239330,160,90,70,1120
1,1003,1674239331,160,90,70,1121
1,1004,1674239332,160,90,70,1122
1,1005,1674239333,160,90,70,1122
1,1006,1674239334,160,90,70,1126
1,1007,1674239335,160,90,70,1121
1,1008,1674239336,160,90,70,1118
1,1009,1674239337,160,90,70,1124
1,1010,1674239338,160,90,70,1122
1,1011,1674239339,160,90,70,1119
1,1012,1674239340,160,90,70,1121
1,1013,1674239341,160,90,70,1119
1,1014,1674239342,144,82,70,1122
1,1015,1674239343,144,82,70,1127
1,1016,1674239344,144,82,70,1121
1,1017,1674239345,144,82,70,1119
1,1018,1674239346,144,82,70,1124
1,1019,1674239347,144,82,70,1122
1,1020,1674239348,144,82,70,1121
1,1021,1674239349,144,82,70,1127
1,1022,1674239350,144,82,70,1120
1,1023,1674239351,144,82,70,1119
1,1024,1674239352,160,90,70,1119
1,1025,1674239353,160,90,70,1126
1,1026,1674239354,192,104,70,1120
1,1027,1674239355,144,82,70,1127
1,1028,1674239356,144,82,70,1119
1,1029,1674239357,144,82,70,1119
1,1030,1674239358,144,82,70,1124
1,1031,1674239359,144,82,70,1123
1,1032,1674239360,144,82,70,1122
1,1033,1674239361,144,82,70,1125
1,1034,1674239362,144,82,70,1120
1,1035,1674239363,144,82,70,1118
1,1036,1674239364,144,82,70,1119
1,1037,1674239366,144,82,70,1121
1,1038,1674239367,144,82,70,1124
1,1039,1674239368,144,82,70,1124
1,1040,1674239369,144,82,70,1122
1,1041,1674239370,144,82,70,1124
1,1042,1674239371,144,82,70,1123
1,1043,1674239372,144,82,70,1121
1,1044,1674239373,144,82,70,1121
1,1045,1674239374,144,82,70,1117
1,1046,1674239375,144,82,70,1125
1,1047,1674239376,160,90,70,1120
1,1048,1674239377,160,90,70,1122
1,1049,1674239378,160,90,70,1122
1,1050,1674239379,160,90,70,1120
1,1051,1674239380,192,104,70,1128
1,1052,1674239381,176,97,70,1120
1,1053,1674239382,160,90,70,1127
1,1054,1674239383,128,75,70,1120
1,1055,1674239384,176,97,70,1122
1,1056,1674239385,176,97,70,1128
1,1057,1674239386,176,97,70,1120
1,1058,1674239387,176,97,70,1119
1,1059,1674239388,176,97,70,1125
1,1060,1674239389,176,97,70,1123
1,1061,1674239390,176,97,70,1121
1,1062,1674239391,160,90,70,1122
1,1063,1674239392,176,97,70,1119
1,1064,1674239393,176,97,70,1120
1,1065,1674239394,160,90,70,1123
1,1066,1674239395,160,90,70,1122
1,1067,1674239396,160,90,70,1122
1,1068,1674239397,160,90,70,1120
1,1069,1674239398,192,104,70,1119
1,1070,1674239399,176,97,70,1119
1,1071,1674239400,208,112,70,1120
1,1072,1674239401,176,97,70,1118
1,1073,1674239402,144,82,70,1122
1,1074,1674239403,160,90,70,1122
1,1075,1674239404,144,82,70,1121
1,1076,1674239405,144,82,70,1125
1,1077,1674239406,144,82,70,1119
1,1078,1674239407,144,82,70,1124
1,1079,1674239408,160,90,70,1120
1,1080,1674239409,160,90,70,1118
1,1081,1674239410,144,82,70,1124
1,1082,1674239411,144,82,70,1121
1,1083,1674239412,144,82,70,1123
1,1084,1674239413,144,82,70,1119
1,1085,1674239414,160,90,70,1119
1,1086,1674239415,144,82,70,1125
1,1087,1674239416,144,82,70,1115
1,1088,1674239417,160,90,70,1028
1,1089,1674239418,176,97,70,950
1,1090,1674239419,176,97,70,1048
1,1091,1674239420,160,90,70,1048
1,1092,1674239421,160,90,70,955
1,1093,1674239422,176,97,70,949
1,1094,1674239423,160,90,70,1116
1,1095,1674239424,160,90,70,1119
1,1096,1674239425,160,90,70,1125
1,1097,1674239426,160,90,70,1122
1,1098,1674239427,160,90,70,1119
1,1099,1674239428,176,97,70,1123
1,1100,1674239429,160,90,70,1120
1,1101,1674239430,144,82,70,1124
1,1102,1674239431,144,82,70,1121
1,1103,1674239432,144,82,70,1122
1,1104,1674239433,144,82,70,1122
1,1105,1674239434,144,82,70,1119
1,1106,1674239435,144,82,70,1122
1,1107,1674239436,144,82,70,1123
1,1108,1674239437,144,82,70,1120
1,1109,1674239438,144,82,70,1123
1,1110,1674239439,144,82,70,1122
1,1111,1674239440,144,82,70,1121
1,1112,1674239441,144,82,70,1126
1,1113,1674239442,144,82,70,1119
1,1114,1674239443,144,82,70,1120
1,1115,1674239444,144,82,70,1127
1,1116,1674239445,144,82,70,1119
1,1117,1674239446,160,90,70,1121
1,1118,1674239447,144,82,70,1123
1,1119,1674239448,160,90,70,1121
1,1120,1674239449,160,90,70,1127
1,1121,1674239450,160,90,70,1120
1,1122,1674239451,144,82,70,1124
1,1123,1674239452,160,90,70,1123
1,1124,1674239453,144,82,70,1124
1,1125,1674239454,176,97,70,1122
1,1126,1674239455,176,97,70,1124
1,1127,1674239456,176,97,70,1122
1,1128,1674239457,192,104,70,1122
1,1129,1674239458,176,97,70,1122
1,1130,1674239459,160,90,70,1128
1,1131,1674239460,192,104,70,1122
1,1132,1674239461,176,97,70,1124
1,1133,1674239462,176,97,70,1126
1,1134,1674239463,176,97,70,1121
1,1135,1674239464,176,97,70,1122
1,1136,1674239465,176,97,70,1124
1,1137,1674239466,176,97,70,1123
1,1138,1674239467,176,97,70,1118
1,1139,1674239468,176,97,70,1125
1,1140,1674239469,192,104,70,1119
1,1141,1674239470,176,97,70,1119
1,1142,1674239471,176,97,70,1127
1,1143,1674239472,160,90,70,1120
1,1144,1674239473,176,97,70,1120
1,1145,1674239474,176,97,70,1121
1,1146,1674239475,160,90,70,1122
1,1147,1674239476,176,97,70,1127
1,1148,1674239477,160,90,70,1119
1,1149,1674239478,160,90,70,1121
1,1150,1674239479,176,97,70,1121
1,1151,1674239480,160,90,70,1117
1,1152,1674239481,192,104,70,1123
1,1153,1674239482,176,97,70,1118
1,1154,1674239483,160,90,70,1121
1,1155,1674239484,160,90,70,1125
1,1156,1674239485,160,90,70,1120
1,1157,1674239486,160,90,70,1124
1,1158,1674239487,160,90,70,1118
1,1159,1674239488,160,90,70,1122
1,1160,1674239489,160,90,70,1123
1,1161,1674239490,144,82,70,1120
1,1162,1674239491,144,82,70,1120
1,1163,1674239492,176,97,70,1122
1,1165,1674239493,192,104,70,1122
1,1166,1674239494,160,90,70,1123
1,1167,1674239495,160,90,70,1119
1,1168,1674239496,176,97,70,1124
1,1169,1674239497,176,97,70,1122
1,1170,1674239498,192,104,70,1123
1,1171,1674239499,192,104,70,1118
1,1172,1674239500,176,97,70,1121
1,1173,1674239501,192,104,70,1120
1,1174,1674239502,160,90,70,1122
1,1175,1674239503,160,90,70,1123
1,1176,1674239504,192,104,70,1118
1,1177,1674239505,224,119,70,1125
1,1178,1674239506,176,97,70,1122
1,1179,1674239507,160,90,70,1118
1,1180,1674239508,176,97,70,1122
1,1181,1674239509,176,97,70,1122
1,1182,1674239510,192,104,70,1122
1,1183,1674239511,192,104,70,1119
1,1184,1674239512,176,97,70,1121
1,1185,1674239513,176,97,70,1125
1,1186,1674239514,208,112,70,1119
1,1187,1674239515,192,104,70,1125
1,1188,1674239516,176,97,70,1121
1,1189,1674239517,176,97,70,1119
1,1190,1674239518,176,97,70,1121
1,1191,1674239519,160,90,70,1119
1,1192,1674239520,160,90,70,1123
1,1193,1674239521,144,82,70,1118
1,1194,1674239522,144,82,70,1123
1,1195,1674239523,144,82,70,1122
1,1196,1674239524,144,82,70,1117
1,1197,1674239525,144,82,70,1123
1,1198,1674239526,144,82,70,1120
1,1199,1674239527,144,82,70,1123
1,1200,1674239528,144,82,70,1118
1,1201,1674239529,144,82,70,1120
1,1202,1674239530,144,82,70,1123
1,1203,1674239531,144,82,70,1117
1,1204,1674239532,144,82,70,1120
1,1205,1674239533,144,82,70,1121
1,1206,1674239534,144,82,70,1124
1,1207,1674239535,144,82,70,1119
1,1208,1674239536,160,90,70,1124
1,1209,1674239537,160,90,70,1119
1,1210,1674239538,160,90,70,1124
1,1211,1674239539,144,82,70,1121
1,1212,1674239540,144,82,70,1122
1,1213,1674239541,160,90,70,1120
1,1214,1674239542,160,90,70,1117
1,1215,1674239543,176,97,70,1122
1,1216,1674239544,192,104,70,1121
1,1217,1674239545,176,97,70,1122
1,1218,1674239546,160,90,70,1121
1,1219,1674239547,160,90,70,1118
1,1220,1674239548,160,90,70,1120
1,1221,1674239550,144,82,70,1120
1,1222,1674239551,160,90,70,1123
1,1223,1674239552,160,90,70,1118
1,1224,1674239553,144,82,70,1123
1,1225,1674239554,144,82,70,1120
1,1226,1674239555,144,82,70,1124
1,1227,1674239556,144,82,70,1120
1,1228,1674239557,144,82,70,1117
1,1229,1674239558,144,82,70,1122
1,1230,1674239559,144,82,70,1120
1,1231,1674239560,144,82,70,1126
1,1232,1674239561,144,82,70,1118
1,1233,1674239562,144,82,70,1118
1,1234,1674239563,144,82,70,1124
1,1235,1674239564,144,82,70,1120
1,1236,1674239565,144,82,70,1123
1,1237,1674239566,144,82,70,1118
1,1238,1674239567,144,82,70,1123
1,1239,1674239568,144,82,70,1123
1,1240,1674239569,144,82,70,1121
1,1241,1674239570,144,82,70,1119
1,1242,1674239571,144,82,70,1118
1,1243,1674239572,144,82,70,1121
1,1244,1674239573,144,82,70,1122
1,1245,1674239574,144,82,70,1124
1,1246,1674239575,144,82,70,1119
1,1247,1674239576,176,97,70,1120
1,1248,1674239577,160,90,70,1121
1,1249,1674239578,160,90,70,1122
1,1250,1674239579,160,90,70,1119
1,1251,1674239580,160,90,70,1121
1,1252,1674239581,160,90,70,1122
1,1253,1674239582,176,97,70,1118
1,1254,1674239583,176,97,70,1122
1,1255,1674239584,176,97,70,1120
1,1256,1674239585,176,97,70,1121
1,1257,1674239586,176,97,70,1121
1,1258,1674239587,160,90,70,1117
1,1259,1674239588,144,82,70,1124
1,1260,1674239589,144,82,70,1119
1,1261,1674239590,144,82,70,1123
1,1262,1674239591,144,82,70,1120
1,1263,1674239592,144,82,70,1122
1,1264,1674239593,160,90,70,1121
1,1265,1674239594,144,82,70,1116
1,1266,1674239595,160,90,70,1119
1,1267,1674239596,160,90,70,1118
1,1268,1674239597,192,104,70,1126
1,1269,1674239598,192,104,70,1124
1,1270,1674239599,192,104,70,1118
1,1271,1674239600,176,97,70,1123
1,1272,1674239601,176,97,70,1117
1,1273,1674239602,176,97,70,1121
1,1274,1674239603,176,97,70,1122
1,1275,1674239604,176,97,70,1117
1,1276,1674239605,176,97,70,1124
1,1277,1674239606,176,97,70,1119
1,1278,1674239607,176,97,70,1122
1,1279,1674239608,176,97,70,1121
1,1280,1674239609,176,97,70,1117
1,1281,1674239610,176,97,70,1124
1,1282,1674239611,176,97,70,1121
1,1283,1674239612,176,97,70,1121
1,1284,1674239613,176,97,70,1118
1,1285,1674239614,176,97,70,1118
1,1286,1674239615,176,97,70,1125
1,1287,1674239616,176,97,70,1120
1,1288,1674239617,176,97,70,1120
1,1289,1674239618,176,97,70,1118
1,1290,1674239619,176,97,70,1121
1,1291,1674239620,176,97,70,1125
1,1292,1674239621,160,90,70,1118
1,1293,1674239622,160,90,70,1123
1,1294,1674239623,160,90,70,1117
1,1295,1674239624,176,97,70,1121
1,1296,1674239625,160,90,70,1121
1,1297,1674239626,160,90,70,1117
1,1298,1674239627,160,90,70,1119
1,1299,1674239628,176,97,70,1116
1,1300,1674239629,160,90,70,1126
1,1301,1674239630,160,90,70,1120
1,1302,1674239631,160,90,70,1123
1,1303,1674239632,160,90,70,1118
1,1304,1674239633,160,90,70,1119
1,1305,1674239634,176,97,70,1123
1,1306,1674239635,160,90,70,1122
1,1307,1674239636,160,90,70,1120
1,1308,1674239637,160,90,70,1117
1,1309,1674239638,160,90,70,1120
1,1310,1674239639,160,90,70,1118
1,1311,1674239640,192,104,70,1122
1,1312,1674239641,192,104,70,1120
1,1313,1674239642,176,97,70,1118
1,1314,1674239643,176,97,70,1117
1,1315,1674239644,176,97,70,1127
1,1316,1674239645,144,82,70,1118
1,1317,1674239646,176,97,70,1116
1,1318,1674239647,176,97,70,1121
1,1319,1674239648,176,97,70,1120
1,1320,1674239649,176,97,70,1125
1,1321,1674239650,176,97,70,1117
1,1322,1674239651,176,97,70,1119
1,1323,1674239652,192,104,70,1122
1,1324,1674239653,176,97,70,1119
1,1325,1674239654,176,97,70,1122
1,1326,1674239655,160,90,70,1119
1,1327,1674239656,144,82,70,1120
1,1328,1674239657,144,82,70,1122
1,1329,1674239658,176,97,70,1124
1,1330,1674239659,192,104,70,1122
1,1331,1674239660,176,97,70,1125
1,1332,1674239661,192,104,70,1119
1,1333,1674239662,176,97,70,1123
1,1334,1674239663,176,97,70,1119
1,1335,1674239664,176,97,70,1124
1,1336,1674239665,176,97,70,1119
1,1338,1674239666,176,97,70,1126
1,1339,1674239667,176,97,70,1121
1,1340,1674239668,192,104,70,1118
1,1341,1674239669,176,97,70,1121
1,1342,1674239670,176,97,70,1121
1,1343,1674239671,176,97,70,1124
1,1344,1674239672,160,90,70,1121
1,1345,1674239673,144,82,70,1124
1,1346,1674239674,192,104,70,1120
1,1347,1674239675,176,97,70,1118
1,1348,1674239676,176,97,70,1123
1,1349,1674239677,192,104,70,1119
1,1350,1674239678,160,90,70,1122
1,1351,1674239679,160,90,70,1117
1,1352,1674239680,192,104,70,1122
1,1353,1674239681,176,97,70,1122
1,1354,1674239682,144,82,70,1119
1,1355,1674239683,176,97,70,1123
1,1356,1674239684,192,104,70,1116
1,1357,1674239685,176,97,70,1121
1,1358,1674239686,192,104,70,1119
1,1359,1674239687,176,97,70,1123
1,1360,1674239688,192,104,70,1122
1,1361,1674239689,192,104,70,1119
1,1362,1674239690,192,104,70,1118
1,1363,1674239691,176,97,70,1120
1,1364,1674239692,160,90,70,1120
1,1365,1674239693,160,90,70,1123
1,1366,1674239694,160,90,70,1116
1,1367,1674239695,160,90,70,1123
1,1368,1674239696,176,97,70,1121
1,1369,1674239697,176,97,70,1124
1,1370,1674239698,192,104,70,1121
1,1371,1674239699,160,90,70,1115
1,1372,1674239700,144,82,70,1119
1,1373,1674239701,208,112,70,1119
1,1374,1674239702,160,90,70,1119
1,1375,1674239703,160,90,70,1122
1,1376,1674239704,160,90,70,1116
1,1377,1674239705,160,90,70,1116
1,1378,1674239706,208,112,70,1122
1,1379,1674239707,192,104,70,1118
1,1380,1674239708,192,104,70,1123
1,1381,1674239709,192,104,70,1117
1,1382,1674239710,160,90,70,1126
1,1383,1674239711,144,82,70,1120
1,1384,1674239712,144,82,70,1121
1,1385,1674239713,160,90,70,1120
1,1386,1674239714,144,82,70,1122
1,1387,1674239715,144,82,70,1123
1,1388,1674239716,144,82,70,1120
1,1389,1674239717,144,82,70,1122
1,1390,1674239718,144,82,70,1121
1,1391,1674239719,144,82,70,1120
1,1392,1674239720,144,82,70,1122
1,1393,1674239721,144,82,70,1123
1,1394,1674239722,160,90,70,1122
1,1395,1674239724,160,90,70,1121
1,1396,1674239725,160,90,70,1119
1,1397,1674239726,144,82,70,1119
1,1398,1674239727,144,82,70,1121
1,1399,1674239728,144,82,70,1121
1,1400,1674239729,144,82,70,1123
1,1401,1674239730,144,82,70,1117
1,1402,1674239731,144,82,70,1126
1,1403,1674239732,144,82,70,1120
1,1404,1674239733,144,82,70,1124
1,1405,1674239734,144,82,70,1118
1,1406,1674239735,144,82,70,1122
1,1407,1674239736,144,82,70,1122
1,1408,1674239737,144,82,70,1125
1,1409,1674239738,144,82,70,1121
1,1410,1674239739,192,104,70,1121
1,1411,1674239740,160,90,70,1120
1,1412,1674239741,192,104,70,1126
1,1413,1674239742,160,90,70,1120
1,1414,1674239743,160,90,70,1128
1,1415,1674239744,144,82,70,1119
1,1416,1674239745,144,82,70,1123
1,1417,1674239746,160,90,70,1120
1,1418,1674239747,176,97,70,1125
1,1419,1674239748,192,104,70,1122
1,1420,1674239749,176,97,70,1124
1,1421,1674239750,160,90,70,1119
1,1422,1674239751,160,90,70,1124
1,1423,1674239752,144,82,70,1120
1,1424,1674239753,144,82,70,1128
1,1425,1674239754,144,82,70,1119
1,1426,1674239755,144,82,70,1124
1,1427,1674239756,144,82,70,1119
1,1428,1674239757,144,82,70,1123
1,1429,1674239758,144,82,70,1120
1,1430,1674239759,144,82,70,1124
1,1431,1674239760,144,82,70,1121
1,1432,1674239761,144,82,70,1121
1,1433,1674239762,144,82,70,1122
1,1434,1674239763,144,82,70,1121
1,1435,1674239764,144,82,70,1117
1,1436,1674239765,160,90,70,1118
1,1437,1674239766,176,97,70,1122
1,1438,1674239767,160,90,70,1121
1,1439,1674239768,144,82,70,1123
1,1440,1674239769,144,82,70,1117
1,1441,1674239770,144,82,70,1123
1,1442,1674239771,176,97,70,1120
1,1443,1674239772,160,90,70,1125
1,1444,1674239773,160,90,70,1121
1,1445,1674239774,96,60,60,965
1,1446,1674239775,224,119,60,962
1,1447,1674239776,224,119,60,1052
1,1448,1674239777,224,119,60,1088
1,1449,1674239778,208,112,60,1096
1,1450,1674239779,224,119,60,1115
1,1451,1674239780,208,112,60,1102
1,1452,1674239781,240,127,60,1002
1,1453,1674239782,272,141,60,977
1,1454,1674239783,224,119,60,972
1,1455,1674239784,224,119,60,1004
1,1456,1674239785,256,134,60,1006
1,1457,1674239786,240,127,60,1003
1,1458,1674239787,224,119,60,992
1,1459,1674239788,272,141,60,992
1,1460,1674239789,224,119,60,983
1,1461,1674239790,240,127,60,1056
1,1462,1674239791,256,134,60,1118
1,1463,1674239792,240,127,60,1117
1,1464,1674239793,256,134,60,1124
1,1465,1674239794,256,134,60,1120
1,1466,1674239795,240,127,60,1124
1,1467,1674239796,240,127,60,1121
1,1468,1674239797,240,127,60,1125
1,1469,1674239798,256,134,60,1122
1,1470,1674239799,240,127,60,1123
1,1471,1674239800,256,134,60,1120
1,1472,1674239801,224,119,60,1123
1,1474,1674239802,208,112,60,1119
1,1475,1674239803,208,112,60,1124
1,1476,1674239804,240,127,60,1120
1,1477,1674239805,256,134,60,1124
1,1478,1674239806,256,134,60,1126
1,1479,1674239807,224,119,60,1126
1,1480,1674239808,224,119,60,1119
1,1481,1674239809,208,112,60,1120
1,1482,1674239810,208,112,60,1124
1,1483,1674239811,208,112,60,1121
1,1484,1674239812,224,119,60,1121
1,1485,1674239813,208,112,60,1123
1,1486,1674239814,208,112,60,1124
1,1487,1674239815,224,119,60,1126
1,1488,1674239816,224,119,60,1120
1,1489,1674239817,240,127,60,1121
1,1490,1674239818,208,112,60,1120
1,1491,1674239819,256,134,60,1121
1,1492,1674239820,208,112,60,1124
1,1493,1674239821,208,112,60,1119
1,1494,1674239822,304,156,60,1121
1,1495,1674239823,240,127,60,1120
1,1496,1674239824,256,134,60,1118
1,1497,1674239825,240,127,60,1120
1,1498,1674239826,208,112,60,1123
1,1499,1674239827,256,134,60,1120
1,1500,1674239828,272,141,60,1120
1,1501,1674239829,256,134,60,1119
1,1502,1674239830,256,134,60,1119
1,1503,1674239831,208,112,60,1119
1,1504,1674239832,224,119,60,1124
1,1505,1674239833,224,119,60,1120
1,1506,1674239834,192,104,60,1125
1,1507,1674239835,224,119,60,1120
1,1508,1674239836,224,119,60,1121
1,1509,1674239837,224,119,60,1127
1,1510,1674239838,224,119,60,1119
1,1511,1674239839,224,119,60,1122
1,1512,1674239840,240,127,60,1117
1,1513,1674239841,224,119,60,1118
1,1514,1674239842,240,127,60,1123
1,1515,1674239843,224,119,60,1118
1,1516,1674239844,208,112,60,1120
1,1517,1674239845,208,112,60,1119
1,1518,1674239846,208,112,60,1126
1,1519,1674239847,208,112,60,1122
1,1520,1674239848,208,112,60,1120
1,1521,1674239849,208,112,60,1123
1,1522,1674239850,208,112,60,1121
1,1523,1674239851,208,112,60,1122
1,1524,1674239852,224,119,60,1123
1,1525,1674239853,240,127,60,1121
1,1526,1674239854,240,127,60,1125
1,1527,1674239855,240,127,60,1119
1,1528,1674239856,240,127,60,1119
1,1529,1674239857,224,119,60,1122
1,1530,1674239858,224,119,60,1121
1,1531,1674239859,224,119,60,1120
1,1532,1674239860,224,119,60,1122
1,1533,1674239861,224,119,60,1120
1,1534,1674239863,208,112,60,1119
1,1535,1674239864,224,119,60,1122
1,1536,1674239865,224,119,60,1126
1,1537,1674239866,224,119,60,1119
1,1538,1674239867,224,119,60,1121
1,1539,1674239868,224,119,60,1118
1,1540,1674239869,224,119,60,1120
1,1541,1674239870,224,119,60,1127
1,1542,1674239871,224,119,60,1122
1,1543,1674239872,224,119,60,1121
1,1544,1674239873,224,119,60,1126
1,1545,1674239874,240,127,60,1119
1,1546,1674239875,208,112,60,1123
1,1547,1674239876,224,119,60,1118
1,1548,1674239877,240,127,60,1121
1,1549,1674239878,240,127,60,1118
1,1550,1674239879,240,127,60,1123
1,1551,1674239880,224,119,60,1122
1,1552,1674239881,224,119,60,1119
1,1553,1674239882,224,119,60,1122
1,1554,1674239883,224,119,60,1122
1,1555,1674239884,224,119,60,1125
1,1556,1674239885,224,119,60,1118
1,1557,1674239886,224,119,60,1121
1,1558,1674239887,224,119,60,1122
1,1559,1674239888,224,119,60,1126
1,1560,1674239889,208,112,60,1122
1,1561,1674239890,208,112,60,1124
1,1562,1674239891,208,112,60,1119
1,1563,1674239892,208,112,60,1124
1,1564,1674239893,208,112,60,1118
1,1565,1674239894,208,112,60,1123
1,1566,1674239895,208,112,60,1122
1,1567,1674239896,208,112,60,1120
1,1568,1674239897,224,119,60,1127
1,1569,1674239898,224,119,60,1120
1,1570,1674239899,256,134,60,1121
1,1571,1674239900,208,112,60,1119
1,1572,1674239901,208,112,60,1119
1,1573,1674239902,224,119,60,1120
1,1574,1674239903,208,112,60,1118
1,1575,1674239904,208,112,60,1124
1,1576,1674239905,208,112,60,1122
1,1577,1674239906,208,112,60,1118
1,1578,1674239907,208,112,60,1118
1,1579,1674239908,208,112,60,1120
1,1580,1674239909,208,112,60,1123
1,1581,1674239910,208,112,60,1120
1,1582,1674239911,208,112,60,1123
1,1583,1674239912,208,112,60,1121
1,1584,1674239913,208,112,60,1122
1,1585,1674239914,208,112,60,1122
1,1586,1674239915,208,112,60,1122
1,1587,1674239916,208,112,60,1122
1,1588,1674239917,208,112,60,1127
1,1589,1674239918,208,112,60,1120
1,1590,1674239919,208,112,60,1121
1,1591,1674239920,208,112,60,1123
1,1592,1674239921,208,112,60,1120
1,1593,1674239922,208,112,60,1119
1,1594,1674239923,208,112,60,1122
1,1595,1674239924,208,112,60,1122
1,1596,1674239925,208,112,60,1123
1,1597,1674239926,208,112,60,1123
1,1598,1674239927,208,112,60,1128
1,1599,1674239928,208,112,60,1120
1,1600,1674239929,208,112,60,1121
1,1601,1674239930,208,112,60,1123
1,1602,1674239931,208,112,60,1121
1,1603,1674239932,208,112,60,1120
1,1604,1674239933,208,112,60,1120
1,1605,1674239934,208,112,60,1120
1,1606,1674239935,208,112,60,1122
1,1607,1674239936,208,112,60,1124
1,1608,1674239937,208,112,60,1122
1,1609,1674239938,208,112,60,1123
1,1610,1674239939,208,112,60,1119
1,1611,1674239940,208,112,60,1117
1,1612,1674239941,208,112,60,1122
1,1613,1674239942,208,112,60,1117
1,1614,1674239943,208,112,60,1122
1,1615,1674239944,208,112,60,1121
1,1616,1674239945,224,119,60,1118
1,1617,1674239946,224,119,60,1127
1,1618,1674239947,224,119,60,1120
1,1619,1674239948,224,119,60,1125
1,1620,1674239949,224,119,60,1122
1,1621,1674239950,224,119,60,1121
1,1622,1674239951,224,119,60,1121
1,1623,1674239952,224,119,60,1119
1,1624,1674239953,224,119,60,1121
1,1625,1674239954,224,119,60,1119
1,1626,1674239955,224,119,60,1122
1,1627,1674239956,224,119,60,1120
1,1628,1674239957,224,119,60,1122
1,1629,1674239958,224,119,60,1127
1,1630,1674239959,224,119,60,1120
1,1631,1674239960,224,119,60,1118
1,1632,1674239961,224,119,60,1122
1,1633,1674239962,224,119,60,1119
1,1634,1674239963,224,119,60,1124
1,1635,1674239964,224,119,60,1120
1,1636,1674239965,224,119,60,1119
1,1637,1674239966,224,119,60,1123
1,1638,1674239967,224,119,60,1116
1,1639,1674239968,224,119,60,1122
1,1640,1674239969,224,119,60,1125
1,1641,1674239970,240,127,60,1120
1,1642,1674239971,240,127,60,1119
1,1643,1674239972,240,127,60,1119
1,1644,1674239973,224,119,60,1119
1,1645,1674239974,224,119,60,1116
1,1646,1674239975,208,112,60,1120
1,1647,1674239976,208,112,60,1118
1,1648,1674239977,208,112,60,1123
1,1649,1674239978,208,112,60,1121
1,1650,1674239979,208,112,60,1121
1,1651,1674239980,208,112,60,1124
1,1652,1674239981,208,112,60,1117
1,1653,1674239982,208,112,60,1119
1,1654,1674239983,208,112,60,1120
1,1655,1674239984,208,112,60,1121
1,1656,1674239985,208,112,60,1121
1,1657,1674239986,208,112,60,1123
1,1658,1674239987,208,112,60,1118
1,1659,1674239988,208,112,60,1126
1,1660,1674239989,208,112,60,1116
1,1661,1674239990,208,112,60,1120
1,1662,1674239991,208,112,60,1123
1,1663,1674239992,224,119,60,1120
1,1664,1674239993,240,127,60,1085
1,1665,1674239994,240,127,60,1028
1,1666,1674239995,224,119,60,1123
1,1667,1674239996,224,119,60,1119
1,1668,1674239997,208,112,60,1123
1,1669,1674239998,208,112,60,1120
1,1670,1674239999,208,112,60,1122
1,1671,1674240000,208,112,60,1120
1,1672,1674240001,208,112,60,1118
1,1674,1674240002,208,112,60,1121
1,1675,1674240003,208,112,60,1122
1,1676,1674240004,208,112,60,1125
1,1677,1674240005,208,112,60,1122
1,1678,1674240006,208,112,60,1117
1,1679,1674240007,208,112,60,1116
1,1680,1674240008,208,112,60,1107
1,1681,1674240009,208,112,60,1123
1,1682,1674240010,208,112,60,1120
1,1683,1674240011,208,112,60,1123
1,1684,1674240012,208,112,60,1099
1,1685,1674240013,208,112,60,1121
1,1686,1674240014,208,112,60,1119
1,1687,1674240015,208,112,60,1120
1,1688,1674240016,208,112,60,1117
1,1689,1674240017,208,112,60,1121
1,1690,1674240018,208,112,60,1117
1,1691,1674240019,208,112,60,1099
1,1692,1674240020,208,112,60,1117
1,1693,1674240021,224,119,60,1107
1,1694,1674240022,224,119,60,1110
1,1695,1674240023,224,119,60,1119
1,1696,1674240024,224,119,60,1116
1,1697,1674240025,224,119,60,1120
1,1698,1674240026,224,119,60,1114
1,1699,1674240027,224,119,60,1117
1,1700,1674240028,224,119,60,1115
1,1701,1674240029,224,119,60,1123
1,1702,1674240030,224,119,60,1120
1,1703,1674240031,224,119,60,1120
1,1704,1674240032,224,119,60,1120
1,1705,1674240033,224,119,60,1117
1,1706,1674240034,224,119,60,1120
1,1707,1674240035,224,119,60,1117
1,1708,1674240036,224,119,60,1112
1,1709,1674240037,224,119,60,1120
1,1710,1674240038,224,119,60,696
1,1711,1674240039,224,119,60,645
1,1712,1674240040,224,119,60,1117
1,1713,1674240041,224,119,60,1118
1,1714,1674240042,224,119,60,1119
1,1715,1674240043,224,119,60,1121
1,1716,1674240044,240,127,60,1125
1,1717,1674240045,224,119,60,1125
1,1718,1674240046,224,119,60,1123
1,1719,1674240047,208,112,60,1130
1,1720,1674240048,208,112,60,1120
1,1721,1674240049,208,112,60,1122
1,1722,1674240050,208,112,60,1124
1,1723,1674240051,208,112,60,1120
1,1724,1674240052,208,112,60,1125
1,1725,1674240053,208,112,60,1125
1,1726,1674240054,208,112,60,1124
1,1727,1674240055,224,119,60,1122
1,1728,1674240057,208,112,60,1124
1,1729,1674240058,224,119,60,1121
1,1730,1674240059,208,112,60,1122
1,1731,1674240060,208,112,60,1127
1,1732,1674240061,208,112,60,1122
1,1733,1674240062,224,119,60,1127
1,1734,1674240063,208,112,60,1123
1,1735,1674240064,208,112,60,1122
1,1736,1674240065,208,112,60,1125
1,1737,1674240066,208,112,60,1118
1,1738,1674240067,208,112,60,1122
1,1739,1674240068,208,112,60,1126
1,1740,1674240069,224,119,60,1124
1,1741,1674240070,224,119,60,1124
1,1742,1674240071,224,119,60,1122
1,1743,1674240072,208,112,60,1121
1,1744,1674240073,208,112,60,1120
1,1745,1674240074,208,112,60,1124
1,1746,1674240075,208,112,60,1123
1,1747,1674240076,208,112,60,1127
1,1748,1674240077,208,112,60,1125
1,1749,1674240078,224,119,60,1127
1,1750,1674240079,208,112,60,1123
1,1751,1674240080,208,112,60,1125
1,1752,1674240081,208,112,60,1119
1,1753,1674240082,208,112,60,1121
1,1754,1674240083,208,112,60,1119
1,1755,1674240084,208,112,60,1119
1,1756,1674240085,208,112,60,1120
1,1757,1674240086,208,112,60,1117
1,1758,1674240087,208,112,60,1121
1,1759,1674240088,208,112,60,1125
1,1760,1674240089,208,112,60,1123
1,1761,1674240090,208,112,60,1123
1,1762,1674240091,208,112,60,1124
1,1763,1674240092,208,112,60,1124
1,1764,1674240093,208,112,60,1122
1,1765,1674240094,208,112,60,1124
1,1766,1674240095,208,112,60,1119
1,1767,1674240096,208,112,60,1118
1,1768,1674240097,208,112,60,1119
1,1769,1674240098,208,112,60,1119
1,1770,1674240099,208,112,60,1126
1,1771,1674240100,208,112,60,1123
1,1772,1674240101,208,112,60,1122
1,1773,1674240102,208,112,60,1126
1,1774,1674240103,208,112,60,1119
1,1775,1674240104,208,112,60,1121
1,1776,1674240105,208,112,60,1119
1,1777,1674240106,208,112,60,1121
1,1778,1674240107,208,112,60,1120
1,1779,1674240108,208,112,60,1122
1,1780,1674240109,208,112,60,1125
1,1781,1674240110,208,112,60,1125
1,1782,1674240111,208,112,60,1125
1,1783,1674240112,208,112,60,1124
1,1784,1674240113,208,112,60,1122
1,1785,1674240114,208,112,60,1124
1,1786,1674240115,208,112,60,1119
1,1787,1674240116,208,112,60,1124
1,1788,1674240117,208,112,60,1120
1,1789,1674240118,208,112,60,1126
1,1790,1674240119,208,112,60,1123
1,1791,1674240120,208,112,60,1127
1,1792,1674240121,208,112,60,1123
1,1793,1674240122,208,112,60,1123
1,1794,1674240123,224,119,60,1124
1,1795,1674240124,208,112,60,1122
1,1796,1674240125,208,112,60,1121
1,1797,1674240126,208,112,60,1122
1,1798,1674240127,208,112,60,1118
1,1799,1674240128,224,119,60,1122
1,1800,1674240129,208,112,60,1126
1,1801,1674240130,208,112,60,1122
1,1802,1674240131,208,112,60,1125
1,1803,1674240132,208,112,60,1124
1,1804,1674240133,208,112,60,1125
1,1805,1674240134,208,112,60,1122
1,1806,1674240135,208,112,60,1124
1,1807,1674240136,208,112,60,1120
1,1808,1674240137,208,112,60,1119
1,1809,1674240138,208,112,60,1122
1,1810,1674240139,208,112,60,1122
1,1811,1674240140,208,112,60,1121
1,1812,1674240141,208,112,60,1125
1,1813,1674240142,208,112,60,1123
1,1814,1674240143,224,119,60,1127
1,1815,1674240144,208,112,60,1123
1,1816,1674240145,208,112,60,1125
1,1817,1674240146,208,112,60,1121
1,1818,1674240147,208,112,60,1119
1,1819,1674240148,208,112,60,1119
1,1820,1674240149,208,112,60,1121
1,1821,1674240150,208,112,60,1121
1,1822,1674240151,208,112,60,1123
1,1823,1674240152,208,112,60,1121
1,1824,1674240153,208,112,60,1124
1,1825,1674240154,208,112,60,1121
1,1826,1674240155,208,112,60,1122
1,1827,1674240156,224,119,60,1122
1,1828,1674240157,208,112,60,1121
1,1829,1674240158,208,112,60,1125
1,1830,1674240159,224,119,60,1120
1,1831,1674240160,208,112,60,1124
1,1832,1674240161,208,112,60,1116
1,1833,1674240162,208,112,60,1110
1,1834,1674240163,224,119,60,1102
1,1835,1674240164,208,112,60,1110
1,1836,1674240165,208,112,60,1114
1,1837,1674240166,208,112,60,1120
1,1838,1674240167,208,112,60,1123
1,1839,1674240168,352,179,50,1116
1,1840,1674240169,304,156,50,1124
1,1841,1674240170,304,156,50,1117
1,1842,1674240171,304,156,50,1121
1,1843,1674240172,288,149,50,1125
1,1844,1674240173,288,149,50,1119
1,1845,1674240174,288,149,50,1121
1,1846,1674240175,288,149,50,1122
1,1847,1674240176,288,149,50,1120
1,1848,1674240177,288,149,50,1122
1,1849,1674240178,288,149,50,1123
1,1850,1674240179,288,149,50,1119
1,1851,1674240180,288,149,50,1126
1,1852,1674240181,288,149,50,1124
1,1853,1674240182,272,141,50,1126
1,1854,1674240183,288,149,50,1124
1,1855,1674240184,288,149,50,1119
1,1856,1674240185,272,141,50,1125
1,1857,1674240186,272,141,50,1124
1,1858,1674240187,288,149,50,1120
1,1859,1674240188,304,156,50,1128
1,1860,1674240189,288,149,50,1121
1,1861,1674240190,288,149,50,1120
1,1862,1674240191,288,149,50,1129
1,1863,1674240192,288,149,50,1121
1,1865,1674240193,288,149,50,1120
1,1866,1674240194,288,149,50,1127
1,1867,1674240195,288,149,50,1122
1,1868,1674240196,288,149,50,1121
1,1869,1674240197,288,149,50,1122
1,1870,1674240198,288,149,50,1123
1,1871,1674240199,288,149,50,1120
1,1872,1674240200,288,149,50,1121
1,1873,1674240201,304,156,50,1120
1,1874,1674240202,320,164,50,1122
1,1875,1674240203,288,149,50,1120
1,1876,1674240204,272,141,50,1118
1,1877,1674240205,272,141,50,1128
1,1878,1674240206,288,149,50,1121
1,1879,1674240207,288,149,50,1122
1,1880,1674240208,288,149,50,1122
1,1881,1674240209,288,149,50,1123
1,1882,1674240210,288,149,50,1119
1,1883,1674240211,288,149,50,1119
1,1884,1674240212,288,149,50,1127
1,1885,1674240213,288,149,50,1121
1,1886,1674240214,288,149,50,1117
1,1887,1674240215,288,149,50,1126
1,1888,1674240216,288,149,50,1120
1,1889,1674240217,288,149,50,1119
1,1890,1674240218,288,149,50,1122
1,1891,1674240219,288,149,50,1121
1,1892,1674240220,288,149,50,1125
1,1893,1674240221,288,149,50,1118
1,1894,1674240222,288,149,50,1122
1,1895,1674240223,288,149,50,1124
1,1896,1674240224,288,149,50,1118
1,1897,1674240225,288,149,50,1123
1,1898,1674240226,288,149,50,1122
1,1899,1674240227,288,149,50,1119
1,1900,1674240228,320,164,50,1123
1,1901,1674240229,272,141,50,1123
1,1902,1674240230,272,141,50,1118
1,1903,1674240231,272,141,50,1122
1,1904,1674240232,272,141,50,1123
1,1905,1674240233,272,141,50,1125
1,1906,1674240234,272,141,50,1120
1,1907,1674240235,272,141,50,1122
1,1908,1674240236,272,141,50,1127
1,1909,1674240237,272,141,50,1121
1,1910,1674240238,272,141,50,1121
1,1911,1674240239,272,141,50,1125
1,1912,1674240240,272,141,50,1120
1,1913,1674240241,272,141,50,1124
1,1914,1674240242,272,141,50,1121
1,1915,1674240243,272,141,50,1121
1,1916,1674240244,272,141,50,1124
1,1917,1674240245,272,141,50,1120
1,1918,1674240247,272,141,50,1125
1,1919,1674240248,272,141,50,1125
1,1920,1674240249,272,141,50,1120
1,1921,1674240250,272,141,50,1123
1,1922,1674240251,272,141,50,1123
1,1923,1674240252,272,141,50,1124
1,1924,1674240253,272,141,50,1122
1,1925,1674240254,272,141,50,1121
1,1926,1674240255,272,141,50,1129
1,1927,1674240256,272,141,50,1121
1,1928,1674240257,272,141,50,1121
1,1929,1674240258,272,141,50,1125
1,1930,1674240259,272,141,50,1119
1,1931,1674240260,272,141,50,1124
1,1932,1674240261,272,141,50,1120
1,1933,1674240262,272,141,50,1120
1,1934,1674240263,272,141,50,1121
1,1935,1674240264,272,141,50,1123
1,1936,1674240265,272,141,50,1122
1,1937,1674240266,272,141,50,1121
1,1938,1674240267,272,141,50,1126
1,1939,1674240268,272,141,50,1120
1,1940,1674240269,272,141,50,1124
1,1941,1674240270,272,141,50,1125
1,1942,1674240271,272,141,50,1118
1,1943,1674240272,272,141,50,1122
1,1944,1674240273,272,141,50,1123
1,1945,1674240274,272,141,50,1125
1,1946,1674240275,272,141,50,1121
1,1947,1674240276,272,141,50,1121
1,1948,1674240277,272,141,50,1125
1,1949,1674240278,272,141,50,1118
1,1950,1674240279,272,141,50,1124
1,1951,1674240280,272,141,50,1124
1,1952,1674240281,272,141,50,1116
1,1953,1674240282,272,141,50,1126
1,1954,1674240283,272,141,50,1122
1,1955,1674240284,272,141,50,1119
1,1956,1674240285,272,141,50,1120
1,1957,1674240286,272,141,50,1120
1,1958,1674240287,288,149,50,1122
1,1959,1674240288,272,141,50,1119
1,1960,1674240289,272,141,50,1120
1,1961,1674240290,272,141,50,1122
1,1962,1674240291,272,141,50,1122
1,1963,1674240292,272,141,50,1120
1,1964,1674240293,272,141,50,1120
1,1965,1674240294,272,141,50,1123
1,1966,1674240295,272,141,50,1118
1,1967,1674240296,272,141,50,1123
1,1968,1674240297,272,141,50,1122
1,1969,1674240298,272,141,50,1117
1,1970,1674240299,272,141,50,1124
1,1971,1674240300,272,141,50,1121
1,1972,1674240301,272,141,50,1123
1,1973,1674240302,272,141,50,1121
1,1974,1674240303,272,141,50,1119
1,1975,1674240304,272,141,50,1118
1,1976,1674240305,272,141,50,1124
1,1977,1674240306,272,141,50,1119
1,1978,1674240307,272,141,50,1123
1,1979,1674240308,272,141,50,1121
1,1980,1674240309,272,141,50,1121
1,1981,1674240310,272,141,50,1119
1,1982,1674240311,272,141,50,1121
1,1983,1674240312,272,141,50,1125
1,1984,1674240313,272,141,50,1118
1,1985,1674240314,272,141,50,1121
1,1986,1674240315,272,141,50,1123
1,1987,1674240316,272,141,50,1118
1,1988,1674240317,272,141,50,1123
1,1989,1674240318,272,141,50,1121
1,1990,1674240319,272,141,50,1119
1,1991,1674240320,272,141,50,1123
1,1992,1674240321,272,141,50,1122
1,1993,1674240322,272,141,50,1123
1,1994,1674240323,272,141,50,1118
1,1995,1674240324,272,141,50,1122
1,1996,1674240325,272,141,50,1123
1,1997,1674240326,272,141,50,1119
1,1998,1674240327,272,141,50,1123
1,1999,1674240328,272,141,50,1121
1,2000,1674240329,272,141,50,1119
1,2001,1674240330,272,141,50,1123
1,2002,1674240331,272,141,50,1118
1,2003,1674240332,272,141,50,1120
1,2004,1674240333,272,141,50,1126
1,2005,1674240334,272,141,50,1122
1,2006,1674240335,272,141,50,1116
1,2007,1674240336,272,141,50,1124
1,2008,1674240337,272,141,50,1118
1,2009,1674240338,272,141,50,1125
1,2010,1674240339,272,141,50,1121
1,2011,1674240340,304,156,50,1117
1,2012,1674240341,288,149,50,1124
1,2013,1674240342,272,141,50,1120
1,2014,1674240343,272,141,50,1124
1,2015,1674240344,272,141,50,1121
1,2016,1674240345,272,141,50,1119
1,2017,1674240346,272,141,50,1123
1,2018,1674240347,272,141,50,1119
1,2019,1674240348,272,141,50,1127
1,2020,1674240349,272,141,50,1119
1,2021,1674240350,272,141,50,1118
1,2022,1674240351,272,141,50,1124
1,2023,1674240352,272,141,50,1118
1,2024,1674240353,272,141,50,1125
1,2025,1674240354,272,141,50,1122
1,2026,1674240355,272,141,50,1121
1,2027,1674240356,272,141,50,1121
1,2028,1674240357,272,141,50,1119
1,2029,1674240358,272,141,50,1125
1,2030,1674240359,272,141,50,1118
1,2031,1674240360,272,141,50,1124
1,2032,1674240361,272,141,50,1121
1,2033,1674240362,272,141,50,1117
1,2034,1674240363,272,141,50,1120
1,2035,1674240364,272,141,50,1118
1,2036,1674240365,272,141,50,1123
1,2037,1674240366,272,141,50,1119
1,2038,1674240367,272,141,50,1122
1,2039,1674240368,272,141,50,1123
1,2040,1674240369,272,141,50,1123
1,2041,1674240370,272,141,50,1119
1,2042,1674240371,272,141,50,1121
1,2043,1674240372,272,141,50,1123
1,2044,1674240373,272,141,50,1119
1,2045,1674240374,272,141,50,1125
1,2046,1674240375,272,141,50,1122
1,2047,1674240376,272,141,50,1119
1,2048,1674240377,272,141,50,1125
1,2049,1674240378,272,141,50,1122
1,2050,1674240379,272,141,50,1122
1,2051,1674240380,272,141,50,1123
1,2052,1674240381,272,141,50,1120
1,2054,1674240382,272,141,50,1121
1,2055,1674240383,272,141,50,1122
1,2056,1674240384,272,141,50,1122
1,2057,1674240385,272,141,50,1122
1,2058,1674240386,272,141,50,1121
1,2059,1674240387,272,141,50,1121
1,2060,1674240388,272,141,50,1120
1,2061,1674240389,272,141,50,1125
1,2062,1674240390,272,141,50,1120
1,2063,1674240391,272,141,50,1120
1,2064,1674240392,272,141,50,1122
1,2065,1674240393,272,141,50,1119
1,2066,1674240394,272,141,50,1123
1,2067,1674240395,272,141,50,1123
1,2068,1674240396,272,141,50,1116
1,2069,1674240397,320,164,50,1125
1,2070,1674240398,272,141,50,1120
1,2071,1674240399,272,141,50,1120
1,2072,1674240400,272,141,50,1119
1,2073,1674240401,272,141,50,1125
1,2074,1674240402,272,141,50,1120
1,2075,1674240403,272,141,50,1117
1,2076,1674240404,272,141,50,1122
1,2077,1674240405,272,141,50,1120
1,2078,1674240406,272,141,50,1121
1,2079,1674240407,272,141,50,1121
1,2080,1674240408,272,141,50,1120
1,2081,1674240409,272,141,50,1121
1,2082,1674240410,272,141,50,1121
1,2083,1674240411,272,141,50,1123
1,2084,1674240412,272,141,50,1119
1,2085,1674240413,272,141,50,1118
1,2086,1674240414,272,141,50,1123
1,2087,1674240415,272,141,50,1118
1,2088,1674240416,272,141,50,1121
1,2089,1674240417,272,141,50,1122
1,2090,1674240418,272,141,50,1118
1,2091,1674240419,272,141,50,1121
1,2092,1674240420,272,141,50,1121
1,2093,1674240421,272,141,50,1124
1,2094,1674240422,272,141,50,1119
1,2095,1674240423,272,141,50,1121
1,2096,1674240424,272,141,50,1122
1,2097,1674240425,272,141,50,1125
1,2098,1674240426,272,141,50,1119
1,2099,1674240427,272,141,50,1122
1,2100,1674240428,272,141,50,1126
1,2101,1674240429,272,141,50,1119
1,2102,1674240430,272,141,50,1123
1,2103,1674240431,272,141,50,1122
1,2104,1674240432,272,141,50,1119
1,2105,1674240434,272,141,50,1122
1,2106,1674240435,272,141,50,1122
1,2107,1674240436,272,141,50,1121
1,2108,1674240437,272,141,50,1119
1,2109,1674240438,272,141,50,1121
1,2110,1674240439,272,141,50,1124
1,2111,1674240440,272,141,50,1118
1,2112,1674240441,272,141,50,1123
1,2113,1674240442,272,141,50,1122
1,2114,1674240443,272,141,50,1118
1,2115,1674240444,272,141,50,1123
1,2116,1674240445,272,141,50,1123
1,2117,1674240446,272,141,50,1124
1,2118,1674240447,272,141,50,1120
1,2119,1674240448,272,141,50,1122
1,2120,1674240449,272,141,50,1123
1,2121,1674240450,272,141,50,1118
1,2122,1674240451,272,141,50,1124
1,2123,1674240452,272,141,50,1122
1,2124,1674240453,272,141,50,1118
1,2125,1674240454,272,141,50,1120
1,2126,1674240455,272,141,50,1123
1,2127,1674240456,272,141,50,1122
1,2128,1674240457,272,141,50,1119
1,2129,1674240458,272,141,50,1122
1,2130,1674240459,272,141,50,1121
1,2131,1674240460,272,141,50,1118
1,2132,1674240461,272,141,50,1125
1,2133,1674240462,272,141,50,1121
1,2134,1674240463,272,141,50,1117
1,2135,1674240464,272,141,50,1124
1,2136,1674240465,272,141,50,1121
1,2137,1674240466,272,141,50,1121
1,2138,1674240467,272,141,50,1122
1,2139,1674240468,272,141,50,1120
1,2140,1674240469,272,141,50,1121
1,2141,1674240470,272,141,50,1120
1,2142,1674240471,272,141,50,1123
1,2143,1674240472,272,141,50,1120
1,2144,1674240473,272,141,50,1118
1,2145,1674240474,272,141,50,1123
1,2146,1674240475,272,141,50,1118
1,2147,1674240476,272,141,50,1123
1,2148,1674240477,272,141,50,1122
1,2149,1674240478,272,141,50,1122
1,2150,1674240479,272,141,50,1118
1,2151,1674240480,272,141,50,1122
1,2152,1674240481,272,141,50,1121
1,2153,1674240482,304,156,50,1122
1,2154,1674240483,288,149,50,1120
1,2155,1674240484,288,149,50,1125
1,2156,1674240485,288,149,50,1120
1,2157,1674240486,288,149,50,1119
1,2158,1674240487,320,164,50,1122
1,2159,1674240488,288,149,50,1121
1,2160,1674240489,288,149,50,1119
1,2161,1674240490,288,149,50,1120
1,2162,1674240491,288,149,50,1125
1,2163,1674240492,288,149,50,1118
1,2164,1674240493,288,149,50,1119
1,2165,1674240494,288,149,50,1124
1,2166,1674240495,288,149,50,1119
1,2167,1674240496,272,141,50,1124
1,2168,1674240497,288,149,50,1119
1,2169,1674240498,272,141,50,1119
1,2170,1674240499,272,141,50,1125
1,2171,1674240500,272,141,50,1116
1,2172,1674240501,288,149,50,1124
1,2173,1674240502,288,149,50,1120
1,2174,1674240503,272,141,50,1116
1,2175,1674240504,272,141,50,1123
1,2176,1674240505,288,149,50,1117
1,2177,1674240506,288,149,50,1121
1,2178,1674240507,288,149,50,330
1,2179,1674240508,288,149,50,468
1,2180,1674240509,288,149,50,625
1,2181,1674240510,272,141,50,721
1,2182,1674240511,272,141,50,760
1,2183,1674240512,272,141,50,781
1,2184,1674240513,272,141,50,637
1,2185,1674240514,272,141,50,498
1,2186,1674240515,272,141,50,703
1,2187,1674240516,272,141,50,704
1,2188,1674240517,272,141,50,447
1,2189,1674240518,272,141,50,625
1,2190,1674240519,272,141,50,922
1,2191,1674240520,272,141,50,104
1,2192,1674240521,288,149,50,605
1,2193,1674240522,288,149,50,976
1,2194,1674240523,288,149,50,1052
1,2195,1674240524,288,149,50,1003
1,2196,1674240525,288,149,50,1104
1,2197,1674240526,288,149,50,1097
1,2198,1674240527,288,149,50,1121
1,2199,1674240528,288,149,50,1123
1,2200,1674240529,288,149,50,1120
1,2201,1674240530,288,149,50,1125
1,2202,1674240531,272,141,50,1115
1,2203,1674240532,272,141,50,1119
1,2204,1674240533,272,141,50,1123
1,2205,1674240534,288,149,50,1121
1,2206,1674240535,288,149,50,1127
1,2207,1674240536,288,149,50,1117
1,2208,1674240537,288,149,50,1117
1,2209,1674240538,288,149,50,1126
1,2210,1674240539,288,149,50,1120
1,2211,1674240540,288,149,50,1108
1,2212,1674240541,288,149,50,1123
1,2213,1674240542,288,149,50,1118
1,2214,1674240543,288,149,50,1125
1,2215,1674240544,288,149,50,1125
1,2216,1674240545,304,156,50,1120
1,2217,1674240546,288,149,50,1120
1,2218,1674240547,272,141,50,1125
1,2219,1674240548,272,141,50,1120
1,2220,1674240549,272,141,50,1124
1,2221,1674240550,272,141,50,1123
1,2222,1674240551,288,149,50,1120
1,2223,1674240552,272,141,50,1127
1,2224,1674240553,272,141,50,1121
1,2225,1674240554,272,141,50,1122
1,2226,1674240555,272,141,50,1124
1,2227,1674240556,272,141,50,1119
1,2228,1674240557,272,141,50,1125
1,2229,1674240558,272,141,50,1123
1,2230,1674240559,272,141,50,1121
1,2231,1674240560,272,141,50,1125
1,2232,1674240561,272,141,50,1121
1,2233,1674240562,272,141,50,1122
1,2234,1674240563,272,141,50,1123
1,2235,1674240564,272,141,50,1126
1,2236,1674240565,272,141,50,1119
1,2237,1674240566,272,141,50,1122
1,2239,1674240567,272,141,50,1124
1,2240,1674240568,272,141,50,1119
1,2241,1674240569,272,141,50,1125
1,2242,1674240570,272,141,50,1124
1,2243,1674240571,272,141,50,1122
1,2244,1674240572,272,141,50,1121
1,2245,1674240573,272,141,50,1123
1,2246,1674240574,272,141,50,1124
1,2247,1674240575,272,141,50,1120
1,2248,1674240576,304,156,50,1123
1,2249,1674240577,304,156,50,1122
1,2250,1674240578,304,156,50,1122
1,2251,1674240579,272,141,50,1121
1,2252,1674240580,272,141,50,1120
1,2253,1674240581,272,141,50,1124
1,2254,1674240582,272,141,50,1122
1,2255,1674240583,272,141,50,1124
1,2256,1674240584,272,141,50,1123
1,2257,1674240585,272,141,50,1124
1,2258,1674240586,288,149,50,1126
1,2259,1674240587,288,149,50,1120
1,2260,1674240588,288,149,50,1125
1,2261,1674240589,288,149,50,1124
1,2262,1674240590,288,149,50,1120
1,2263,1674240591,288,149,50,1121
1,2264,1674240592,288,149,50,1124
1,2265,1674240593,288,149,50,1125
1,2266,1674240594,288,149,50,1119
1,2267,1674240595,288,149,50,1121
1,2268,1674240596,288,149,50,1122
1,2269,1674240597,288,149,50,1120
1,2270,1674240598,288,149,50,1127
1,2271,1674240599,288,149,50,1120
1,2272,1674240600,288,149,50,1121
1,2273,1674240601,288,149,50,1124
1,2274,1674240602,288,149,50,1122
1,2275,1674240603,288,149,50,1124
1,2276,1674240604,272,141,50,1124
1,2277,1674240605,272,141,50,1120
1,2278,1674240606,272,141,50,1125
1,2279,1674240607,272,141,50,1124
1,2280,1674240608,272,141,50,1120
1,2281,1674240609,272,141,50,1122
1,2282,1674240610,272,141,50,1126
1,2283,1674240611,272,141,50,1122
1,2284,1674240612,272,141,50,1120
1,2285,1674240613,272,141,50,1118
1,2286,1674240614,272,141,50,1127
1,2287,1674240615,272,141,50,1121
1,2288,1674240616,272,141,50,1119
1,2289,1674240617,272,141,50,1123
1,2290,1674240618,272,141,50,1119
1,2291,1674240620,272,141,50,1124
1,2292,1674240621,272,141,50,1121
1,2293,1674240622,272,141,50,1128
1,2294,1674240623,272,141,50,1119
1,2295,1674240624,272,141,50,1122
1,2296,1674240625,272,141,50,1124
1,2297,1674240626,272,141,50,1118
1,2298,1674240627,272,141,50,1125
1,2299,1674240628,272,141,50,1125
1,2300,1674240629,272,141,50,1126
1,2301,1674240630,272,141,50,1124
1,2302,1674240631,272,141,50,1126
1,2303,1674240632,272,141,50,1123
1,2304,1674240633,272,141,50,1122
1,2305,1674240634,272,141,50,1129
1,2306,1674240635,272,141,50,1123
1,2307,1674240636,272,141,50,1126
1,2308,1674240637,272,141,50,1126
1,2309,1674240638,272,141,50,1123
1,2310,1674240639,272,141,50,1123
1,2311,1674240640,272,141,50,1126
1,2312,1674240641,272,141,50,1124
1,2313,1674240642,272,141,50,1122
1,2314,1674240643,272,141,50,1129
1,2315,1674240644,272,141,50,1119
1,2316,1674240645,272,141,50,1122
1,2317,1674240646,272,141,50,1125
1,2318,1674240647,272,141,50,1121
1,2319,1674240648,272,141,50,1126
1,2320,1674240649,272,141,50,1125
1,2321,1674240650,272,141,50,1125
1,2322,1674240651,272,141,50,1125
1,2323,1674240652,272,141,50,1122
1,2324,1674240653,272,141,50,1095
1,2325,1674240654,272,141,50,1001
1,2326,1674240655,272,141,50,1093
1,2327,1674240656,272,141,50,1120
1,2328,1674240657,272,141,50,1124
1,2329,1674240658,272,141,50,1122
1,2330,1674240659,272,141,50,1128
1,2331,1674240660,272,141,50,1128
1,2332,1674240661,272,141,50,1124
1,2333,1674240662,288,149,50,1128
1,2334,1674240663,288,149,50,1125
1,2335,1674240664,288,149,50,1124
1,2336,1674240665,272,141,50,1124
1,2337,1674240666,288,149,50,1126
1,2338,1674240667,272,141,50,1129
1,2339,1674240668,272,141,50,1122
1,2340,1674240669,272,141,50,1130
1,2341,1674240670,272,141,50,1125
1,2342,1674240671,272,141,50,1126
1,2343,1674240672,272,141,50,1127
1,2344,1674240673,272,141,50,1122
1,2345,1674240674,272,141,50,1127
1,2346,1674240675,272,141,50,1125
1,2347,1674240676,272,141,50,1127
1,2348,1674240677,272,141,50,1124
1,2349,1674240678,272,141,50,1124
1,2350,1674240679,272,141,50,1126
1,2351,1674240680,272,141,50,1126
1,2352,1674240681,288,149,50,1125
1,2353,1674240682,288,149,50,1132
1,2354,1674240683,288,149,50,1123
1,2355,1674240684,288,149,50,1129
1,2356,1674240685,288,149,50,1125
1,2357,1674240686,288,149,50,1126
1,2358,1674240687,288,149,50,1133
1,2359,1674240688,272,141,50,1124
1,2360,1674240689,272,141,50,1131
1,2361,1674240690,288,149,50,1126
1,2362,1674240691,272,141,50,1126
1,2363,1674240692,272,141,50,1131
1,2364,1674240693,272,141,50,1125
1,2365,1674240694,272,141,50,1131
1,2366,1674240695,272,141,50,1125
1,2367,1674240696,272,141,50,1126
1,2368,1674240697,288,149,50,1128
1,2369,1674240698,304,156,50,1131
1,2370,1674240699,272,141,50,1126
1,2371,1674240700,304,156,50,1126
1,2372,1674240701,304,156,50,1129
1,2373,1674240702,304,156,50,1123
1,2374,1674240703,288,149,50,1128
1,2375,1674240704,304,156,50,1127
1,2376,1674240705,288,149,50,1127
1,2377,1674240706,272,141,50,1127
1,2378,1674240707,256,134,50,1127
1,2379,1674240708,192,104,50,1127
1,2380,1674240709,336,171,50,1125
1,2381,1674240710,304,156,50,1126
1,2382,1674240711,288,149,50,1132
1,2383,1674240712,304,156,50,1124
1,2384,1674240713,288,149,50,1129
1,2385,1674240714,352,179,50,1127
1,2386,1674240715,304,156,50,1126
1,2387,1674240716,320,164,50,1129
1,2388,1674240717,304,156,50,1126
1,2389,1674240718,288,149,50,1125
1,2390,1674240719,288,149,50,1127
1,2391,1674240720,272,141,50,1131
1,2392,1674240721,320,164,50,1130
1,2393,1674240722,256,134,50,1127
1,2394,1674240723,272,141,50,1128
1,2395,1674240724,288,149,50,1126
1,2396,1674240725,288,149,50,1129
1,2397,1674240726,288,149,50,1125
1,2398,1674240727,288,149,50,1125
1,2399,1674240728,288,149,50,1128
1,2400,1674240729,304,156,50,1128
1,2401,1674240730,304,156,50,1126
1,2402,1674240731,320,164,50,1124
1,2403,1674240732,272,141,50,1124
1,2404,1674240733,272,141,50,1124
1,2405,1674240734,320,164,50,1128
1,2406,1674240735,304,156,50,1124
1,2407,1674240736,288,149,50,1130
1,2408,1674240737,288,149,50,1124
1,2409,1674240738,288,149,50,1127
1,2410,1674240739,288,149,50,1124
1,2411,1674240740,288,149,50,1128
1,2412,1674240741,288,149,50,1124
1,2413,1674240742,320,164,50,1124
1,2414,1674240743,272,141,50,1125
1,2415,1674240744,304,156,50,1123
1,2416,1674240745,304,156,50,1126
1,2417,1674240746,304,156,50,1125
1,2418,1674240747,288,149,50,1125
1,2419,1674240748,320,164,50,1120
1,2420,1674240749,304,156,50,1118
1,2421,1674240750,320,164,40,1117
1,2422,1674240751,336,171,40,1123
1,2423,1674240752,336,171,40,1125
1,2424,1674240753,352,179,40,1125
1,2425,1674240754,368,186,40,1127
1,2426,1674240755,352,179,40,1116
1,2427,1674240756,336,171,40,973
1,2428,1674240757,368,186,40,997
1,2429,1674240758,336,171,40,1125
1,2430,1674240759,288,149,40,1127
1,2431,1674240760,368,186,40,1126
1,2432,1674240761,384,193,40,1126
1,2433,1674240762,368,186,40,1127
1,2434,1674240763,336,171,40,1128
1,2435,1674240764,336,171,40,1124
1,2436,1674240765,368,186,40,1131
1,2438,1674240766,336,171,40,1124
1,2439,1674240767,400,201,40,1122
1,2440,1674240768,368,186,40,1129
1,2441,1674240769,352,179,40,1126
1,2442,1674240770,352,179,40,1128
1,2443,1674240771,400,201,40,1124
1,2444,1674240772,400,201,40,1124
1,2445,1674240773,336,171,40,1127
1,2446,1674240774,336,171,40,1126
1,2447,1674240775,352,179,40,1127
1,2448,1674240776,336,171,40,1125
1,2449,1674240777,336,171,40,1121
1,2450,1674240778,336,171,40,1134
1,2451,1674240779,336,171,40,1126
1,2452,1674240780,384,193,40,1123
1,2453,1674240781,320,164,40,1129
1,2454,1674240782,400,201,40,1124
1,2455,1674240783,368,186,40,1131
1,2456,1674240784,368,186,40,1126
1,2457,1674240785,352,179,40,1123
1,2458,1674240786,336,171,40,1125
1,2459,1674240787,384,193,40,1125
1,2460,1674240788,352,179,40,1125
1,2461,1674240789,352,179,40,1121
1,2462,1674240790,352,179,40,1128
1,2463,1674240791,368,186,40,1125
1,2464,1674240792,368,186,40,1126
1,2465,1674240793,352,179,40,1126
1,2466,1674240794,352,179,40,1124
1,2467,1674240795,352,179,40,1129
1,2468,1674240796,336,171,40,1125
1,2469,1674240797,336,171,40,1125
1,2470,1674240798,288,149,40,1130
1,2471,1674240799,352,179,40,1120
1,2472,1674240800,368,186,40,1126
1,2473,1674240801,368,186,40,1129
1,2474,1674240802,336,171,40,1123
1,2475,1674240803,384,193,40,1125
1,2476,1674240804,368,186,40,1026
1,2477,1674240805,384,193,40,1123
1,2478,1674240806,368,186,40,1125
1,2479,1674240807,352,179,40,1128
1,2480,1674240808,320,164,40,969
1,2481,1674240809,352,179,40,960
1,2482,1674240810,352,179,40,1115
1,2483,1674240811,368,186,40,1129
1,2484,1674240812,368,186,40,1124
1,2485,1674240813,352,179,40,1085
1,2486,1674240814,336,171,40,1121
1,2487,1674240815,352,179,40,1127
1,2488,1674240816,352,179,40,1121
1,2489,1674240817,352,179,40,1130
1,2490,1674240818,384,193,40,1124
1,2491,1674240819,352,179,40,1129
1,2492,1674240820,368,186,40,1125
1,2493,1674240821,336,171,40,1125
1,2494,1674240822,352,179,40,1130
1,2495,1674240823,352,179,40,1124
1,2496,1674240824,368,186,40,1127
1,2497,1674240825,352,179,40,1123
1,2498,1674240826,352,179,40,1125
1,2499,1674240827,384,193,40,1128
1,2500,1674240829,352,179,40,1125
1,2501,1674240830,352,179,40,1126
1,2502,1674240831,352,179,40,1128
1,2503,1674240832,352,179,40,1125
1,2504,1674240833,368,186,40,1127
1,2505,1674240834,384,193,40,1122
1,2506,1674240835,352,179,40,972
1,2507,1674240836,352,179,40,969
1,2508,1674240837,368,186,40,980
1,2509,1674240838,336,171,40,1042
1,2510,1674240839,336,171,40,983
1,2511,1674240840,352,179,40,1052
1,2512,1674240841,368,186,40,1028
1,2513,1674240842,368,186,40,1023
1,2514,1674240843,352,179,40,1036
1,2515,1674240844,368,186,40,1045
1,2516,1674240845,368,186,40,1061
1,2517,1674240846,352,179,40,1082
1,2518,1674240847,320,164,40,1099
1,2519,1674240848,384,193,40,1124
1,2520,1674240849,368,186,40,1087
1,2521,1674240850,352,179,40,1070
1,2522,1674240851,336,171,40,1124
1,2523,1674240852,384,193,40,1125
1,2524,1674240853,368,186,40,1124
1,2525,1674240854,384,193,40,1123
1,2526,1674240855,368,186,40,1130
1,2527,1674240856,352,179,40,1127
1,2528,1674240857,352,179,40,1120
1,2529,1674240858,352,179,40,1126
1,2530,1674240859,352,179,40,1125
1,2531,1674240860,352,179,40,1126
1,2532,1674240861,352,179,40,1130
1,2533,1674240862,352,179,40,1124
1,2534,1674240863,384,193,40,1129
1,2535,1674240864,368,186,40,1129
1,2536,1674240865,368,186,40,1128
1,2537,1674240866,384,193,40,1131
1,2538,1674240867,368,186,40,1131
1,2539,1674240868,368,186,40,1122
1,2540,1674240869,384,193,40,1114
1,2541,1674240870,352,179,40,1124
1,2542,1674240871,352,179,40,1092
1,2543,1674240872,352,179,40,1100
1,2544,1674240873,368,186,40,1121
1,2545,1674240874,384,193,40,1120
1,2546,1674240875,384,193,40,1122
1,2547,1674240876,336,171,40,1129
1,2548,1674240877,368,186,40,1123
1,2549,1674240878,384,193,40,1127
1,2550,1674240879,368,186,40,1123
1,2551,1674240880,336,171,40,1127
1,2552,1674240881,352,179,40,1123
1,2553,1674240882,352,179,40,1124
1,2554,1674240883,384,193,40,1121
1,2555,1674240884,336,171,40,1120
1,2556,1674240885,352,179,40,1128
1,2557,1674240886,352,179,40,1120
1,2558,1674240887,368,186,40,1121
1,2559,1674240888,368,186,40,1124
1,2560,1674240889,368,186,40,1122
1,2561,1674240890,352,179,40,1122
1,2562,1674240891,352,179,40,1121
1,2563,1674240892,352,179,40,1123
1,2564,1674240893,368,186,40,1120
1,2565,1674240894,336,171,40,1122
1,2566,1674240895,336,171,40,1120
1,2567,1674240896,384,193,40,1122
1,2568,1674240897,384,193,40,1126
1,2569,1674240898,336,171,40,1121
1,2570,1674240899,352,179,40,1118
1,2571,1674240900,352,179,40,1110
1,2572,1674240901,368,186,40,1108
1,2573,1674240902,368,186,40,1122
1,2574,1674240903,368,186,40,1109
1,2575,1674240904,352,179,40,913
1,2576,1674240905,400,201,40,870
1,2577,1674240906,368,186,40,857
1,2578,1674240907,352,179,40,858
1,2579,1674240908,304,156,40,856
1,2580,1674240909,384,193,40,857
1,2581,1674240910,352,179,40,865
1,2582,1674240911,352,179,40,850
1,2583,1674240912,368,186,40,828
1,2584,1674240913,352,179,40,769
1,2585,1674240914,352,179,40,795
1,2586,1674240915,368,186,40,803
1,2587,1674240916,368,186,40,746
1,2588,1674240917,368,186,40,742
1,2589,1674240918,368,186,40,733
1,2590,1674240919,336,171,40,735
1,2591,1674240920,368,186,40,735
1,2592,1674240921,352,179,40,721
1,2593,1674240922,352,179,40,715
1,2594,1674240923,384,193,40,713
1,2595,1674240924,368,186,40,709
1,2596,1674240925,336,171,40,711
1,2597,1674240926,352,179,40,739
1,2598,1674240927,352,179,40,736
1,2599,1674240928,368,186,40,732
1,2600,1674240929,352,179,40,739
1,2601,1674240930,352,179,40,743
1,2602,1674240931,352,179,40,749
1,2603,1674240932,368,186,40,756
1,2604,1674240933,352,179,40,756
1,2605,1674240934,384,193,40,742
1,2606,1674240935,352,179,40,800
1,2607,1674240936,352,179,40,822
1,2608,1674240937,416,208,40,593
1,2609,1674240938,400,201,40,845
1,2610,1674240939,336,171,40,873
1,2611,1674240940,368,186,40,848
1,2612,1674240941,320,164,40,823
1,2613,1674240942,352,179,40,807
1,2614,1674240943,368,186,40,917
1,2615,1674240944,368,186,40,964
1,2616,1674240945,384,193,40,939
1,2617,1674240946,336,171,40,1009
1,2618,1674240947,336,171,40,1097
1,2619,1674240948,336,171,40,991
1,2620,1674240949,384,193,40,1099
1,2621,1674240950,304,156,40,1099
1,2622,1674240951,368,186,40,1097
1,2623,1674240952,368,186,40,1098
1,2624,1674240953,368,186,40,1083
1,2625,1674240954,352,179,40,1077
1,2626,1674240955,368,186,40,999
1,2627,1674240956,368,186,40,1044
1,2628,1674240957,368,186,40,1102
1,2629,1674240958,368,186,40,1103
1,2630,1674240959,352,179,40,1094
1,2631,1674240960,384,193,40,1099
1,2632,1674240961,384,193,40,1103
1,2633,1674240962,336,171,40,1101
1,2634,1674240963,320,164,40,1102
1,2635,1674240964,368,186,40,1101
1,2636,1674240965,352,179,40,1097
1,2637,1674240966,352,179,40,1076
1,2638,1674240967,352,179,40,1097
1,2639,1674240968,352,179,40,1101
1,2640,1674240969,352,179,40,1096
1,2641,1674240970,352,179,40,1067
1,2642,1674240971,352,179,40,1080
1,2643,1674240972,352,179,40,1092
1,2644,1674240973,384,193,40,1095
1,2645,1674240974,368,186,40,1006
1,2646,1674240975,368,186,40,1065
1,2647,1674240976,352,179,40,842
1,2648,1674240977,368,186,40,739
1,2649,1674240978,336,171,40,697
1,2650,1674240979,352,179,40,721
1,2651,1674240980,336,171,40,733
1,2652,1674240981,384,193,40,763
1,2653,1674240982,368,186,40,769
1,2654,1674240983,352,179,40,752
1,2655,1674240984,352,179,40,753
1,2656,1674240985,352,179,40,702
1,2658,1674240986,384,193,40,646
1,2659,1674240987,368,186,40,665
1,2660,1674240988,352,179,40,679
1,2661,1674240989,352,179,40,687
1,2662,1674240990,336,171,40,682
1,2663,1674240991,352,179,40,737
1,2664,1674240992,368,186,40,696
1,2665,1674240993,384,193,40,718
1,2666,1674240994,384,193,40,759
1,2667,1674240995,304,156,40,948
1,2668,1674240996,352,179,40,1061
1,2669,1674240997,368,186,40,1094
1,2670,1674240998,368,186,40,1094
1,2671,1674240999,368,186,40,1095
1,2672,1674241000,336,171,40,1097
1,2673,1674241001,208,112,40,1093
1,2674,1674241002,352,179,40,1095
1,2675,1674241003,368,186,40,1092
1,2712,1674241040,304,156,30,880
1,2713,1674241041,416,208,30,922
1,2714,1674241042,416,208,30,928
1,2715,1674241043,416,208,30,930
1,2716,1674241044,400,201,30,932
1,2717,1674241045,416,208,30,928
1,2718,1674241046,384,193,30,932
1,2719,1674241047,400,201,30,996
1,2720,1674241048,432,216,30,1037
1,2721,1674241049,416,208,30,1058
1,2722,1674241050,416,208,30,1052
1,2723,1674241051,416,208,30,1039
1,2724,1674241052,400,201,30,1044
1,2725,1674241053,400,201,30,1046
1,2726,1674241054,432,216,30,1045
1,2727,1674241055,432,216,30,814
1,2728,1674241056,416,208,30,777
1,2729,1674241057,432,216,30,793
1,2730,1674241058,416,208,30,814
1,2731,1674241059,400,201,30,814
1,2732,1674241060,416,208,30,813
1,2733,1674241061,416,208,30,814
1,2734,1674241062,432,216,30,812
1,2735,1674241063,432,216,30,807
1,2736,1674241064,432,216,30,792
1,2737,1674241065,432,216,30,795
1,2738,1674241066,432,216,30,816
1,2739,1674241067,416,208,30,1019
1,2740,1674241068,416,208,30,990
1,2741,1674241069,416,208,30,1080
1,2742,1674241070,416,208,30,1072
1,2743,1674241071,416,208,30,1062
1,2744,1674241072,416,208,30,1062
1,2745,1674241073,432,216,30,1064
1,2746,1674241074,432,216,30,1048
1,2747,1674241075,416,208,30,1002
1,2748,1674241076,384,193,30,1085
1,2749,1674241077,384,193,30,1091
1,2750,1674241078,416,208,30,1072
1,2751,1674241079,384,193,30,1072
1,2752,1674241080,432,216,30,1067
1,2753,1674241081,400,201,30,1061
1,2754,1674241082,432,216,30,959
1,2755,1674241083,416,208,30,929
1,2756,1674241084,432,216,30,932
1,2757,1674241085,432,216,30,1036
1,2758,1674241086,432,216,30,1079
1,2759,1674241088,432,216,30,1096
1,2760,1674241089,432,216,30,1086
1,2761,1674241090,448,223,30,1041
1,2762,1674241091,448,223,30,1057
1,2763,1674241092,448,223,30,1071
1,2764,1674241093,432,216,30,1068
1,2765,1674241094,448,223,30,1072
1,2766,1674241095,416,208,30,1067
1,2767,1674241096,416,208,30,1066
1,2768,1674241097,400,201,30,1061
1,2769,1674241098,416,208,30,1070
1,2770,1674241099,416,208,30,1067
1,2771,1674241100,416,208,30,1069
1,2772,1674241101,464,230,30,1062
1,2773,1674241102,400,201,30,1060
1,2774,1674241103,400,201,30,1072
1,2775,1674241104,448,223,30,1068
1,2776,1674241105,448,223,30,1065
1,2777,1674241106,448,223,30,1063
1,2778,1674241107,464,230,30,1066
1,2779,1674241108,432,216,30,1090
1,2780,1674241109,448,223,30,1096
1,2781,1674241110,384,193,30,1091
1,2782,1674241111,352,179,30,1034
1,2783,1674241112,464,230,30,1026
1,2784,1674241113,416,208,30,1032
1,2785,1674241114,432,216,30,1097
1,2786,1674241115,416,208,30,1094
1,2787,1674241116,400,201,30,1092
1,2788,1674241117,416,208,30,1096
1,2789,1674241118,416,208,30,1098
1,2790,1674241119,448,223,30,1094
1,2791,1674241120,384,193,30,1095
1,2792,1674241121,416,208,30,1092
1,2793,1674241122,400,201,30,1092
1,2794,1674241123,464,230,30,1092
1,2795,1674241124,464,230,30,1096
1,2796,1674241125,416,208,30,1091
1,2797,1674241126,464,230,30,1093
1,2798,1674241127,400,201,30,1093
1,2799,1674241128,432,216,30,1093
1,2800,1674241129,416,208,30,1045
1,2801,1674241130,432,216,30,695
1,2802,1674241131,432,216,30,660
1,2803,1674241132,432,216,30,910
1,2804,1674241133,448,223,30,986
1,2805,1674241134,432,216,30,1015
1,2806,1674241135,400,201,30,1029
1,2807,1674241136,400,201,30,1056
1,2808,1674241137,416,208,30,890
1,2809,1674241138,416,208,30,790
1,2810,1674241139,432,216,30,706
1,2811,1674241140,416,208,30,703
1,2812,1674241141,416,208,30,729
1,2813,1674241142,416,208,30,970
1,2814,1674241143,432,216,30,1039
1,2815,1674241144,416,208,30,1044
1,2816,1674241145,416,208,30,1037
1,2817,1674241146,432,216,30,1084
1,2818,1674241147,416,208,30,1096
1,2819,1674241148,432,216,30,1095
1,2820,1674241149,432,216,30,1091
1,2821,1674241150,416,208,30,1094
1,2822,1674241151,416,208,30,1098
1,2823,1674241152,416,208,30,1096
1,2824,1674241153,416,208,30,1094
1,2825,1674241154,416,208,30,1097
1,2826,1674241155,432,216,30,1059
1,2827,1674241156,416,208,30,1093
1,2828,1674241157,432,216,30,1038
1,2829,1674241158,448,223,30,1043
1,2830,1674241159,432,216,30,1092
1,2831,1674241160,432,216,30,1096
1,2832,1674241161,432,216,30,1099
1,2833,1674241162,448,223,30,1094
1,2834,1674241163,448,223,30,1093
1,2835,1674241164,448,223,30,1040
1,2836,1674241165,400,201,30,1098
1,2837,1674241166,416,208,30,1094
1,2838,1674241167,416,208,30,1096
1,2839,1674241168,416,208,30,1093
1,2840,1674241169,416,208,30,1094
1,2841,1674241170,432,216,30,1077
1,2842,1674241171,464,230,30,1077
1,2843,1674241172,400,201,30,1078
1,2844,1674241173,432,216,30,1062
1,2845,1674241174,464,230,30,1095
1,2846,1674241175,432,216,30,1093
1,2847,1674241176,432,216,30,1092
1,2848,1674241177,416,208,30,1094
1,2849,1674241178,416,208,30,1092
1,2850,1674241179,400,201,30,1097
1,2851,1674241180,432,216,30,1097
1,2852,1674241181,432,216,30,1095
1,2853,1674241182,416,208,30,1097
1,2854,1674241183,416,208,30,1095
1,2855,1674241184,464,230,30,1092
1,2856,1674241185,384,193,30,1026
1,2857,1674241186,448,223,30,1070
1,2858,1674241187,432,216,30,1081
1,2859,1674241188,432,216,30,1088
1,2860,1674241189,432,216,30,1089
1,2861,1674241190,288,149,30,1093
1,2862,1674241191,432,216,30,1099
1,2863,1674241192,416,208,30,1096
1,2864,1674241193,384,193,30,1094
1,2865,1674241194,464,230,30,1096
1,2866,1674241195,384,193,30,1099
1,2867,1674241196,384,193,30,1093
1,2868,1674241197,416,208,30,1097
1,2869,1674241198,448,223,30,1094
1,2870,1674241199,368,186,30,1101
1,2871,1674241200,416,208,30,1095
1,2872,1674241201,432,216,30,1085
1,2873,1674241202,464,230,30,1086
1,2874,1674241203,432,216,30,1085
1,2875,1674241204,400,201,30,1078
1,2876,1674241205,416,208,30,1090
1,2877,1674241206,384,193,30,1089
1,2878,1674241207,400,201,30,1097
1,2879,1674241208,448,223,30,1093
1,2880,1674241209,384,193,30,1098
1,2881,1674241210,496,245,30,1092
1,2882,1674241211,432,216,30,1092
1,2883,1674241212,416,208,30,1092
1,2884,1674241213,432,216,30,1088
1,2885,1674241214,464,230,30,1089
1,2886,1674241215,432,216,30,1096
1,2887,1674241216,400,201,30,1087
1,2888,1674241217,416,208,30,1077
1,2889,1674241218,352,179,30,1081
1,2890,1674241219,432,216,30,1099
1,2891,1674241220,448,223,30,1094
1,2892,1674241221,352,179,30,1095
1,2893,1674241222,432,216,30,1098
1,2894,1674241223,368,186,30,1093
1,2895,1674241224,368,186,30,1094
1,2896,1674241225,416,208,30,1095
1,2897,1674241226,448,223,30,1098
1,2898,1674241227,416,208,30,1098
1,2899,1674241228,416,208,30,1098
1,2900,1674241229,384,193,30,1101
1,2901,1674241230,448,223,30,1096
1,2902,1674241231,448,223,30,1098
1,2903,1674241232,416,208,30,1096
1,2904,1674241233,464,230,30,1095
1,2905,1674241234,400,201,30,1101
1,2906,1674241235,448,223,30,1070
1,2907,1674241236,416,208,30,1094
1,2908,1674241237,416,208,30,1099
1,2909,1674241238,416,208,30,1104
1,2910,1674241239,464,230,30,1092
1,2911,1674241240,448,223,30,1048
1,2912,1674241241,416,208,30,1059
1,2913,1674241242,544,267,30,1053
1,2915,1674241243,432,216,30,1093
1,2916,1674241244,400,201,30,1094
1,2917,1674241245,448,223,30,1091
1,2918,1674241246,416,208,30,1097
1,2919,1674241247,400,201,30,1095
1,2920,1674241248,448,223,30,1091
1,2921,1674241249,416,208,30,1090
1,2922,1674241250,400,201,30,1093
1,2923,1674241251,416,208,30,1046
1,2924,1674241252,416,208,30,1095
1,2925,1674241253,416,208,30,1089
1,2926,1674241254,432,216,30,1084
1,2927,1674241255,416,208,30,1096
1,2928,1674241256,448,223,30,1094
1,2929,1674241257,528,260,30,1099
1,2930,1674241258,416,208,30,1098
1,2931,1674241259,432,216,30,1095
1,2932,1674241260,416,208,30,1097
1,2933,1674241261,384,193,30,1096
1,2934,1674241262,480,238,30,1101
1,2935,1674241263,448,223,30,1094
1,2936,1674241264,448,223,30,1093
1,2937,1674241265,448,223,30,1094
1,2938,1674241266,432,216,30,1091
1,2939,1674241267,432,216,30,1098
1,2940,1674241268,416,208,30,1089
1,2941,1674241269,336,171,30,1094
1,2942,1674241270,512,253,30,1093
1,2943,1674241271,432,216,30,1089
1,2944,1674241272,416,208,30,1096
1,2945,1674241273,432,216,30,1091
1,2946,1674241274,400,201,30,1092
1,2947,1674241275,432,216,30,1091
1,2948,1674241276,432,216,30,1092
1,2949,1674241277,432,216,30,1094
1,2950,1674241278,400,201,30,1091
1,2951,1674241279,448,223,30,1080
1,2952,1674241280,432,216,30,1098
1,2953,1674241281,384,193,30,941
1,2954,1674241282,448,223,30,693
1,2955,1674241283,400,201,30,501
1,2956,1674241284,432,216,30,482
